5
59
8
8
8
8
-0.7119148076032027
-0.8032513674422879
-0.34074033201606646
-0.07991353171467375
-0.9169777318431698
0.8209207156468838
0.2588948637454458
-0.2745277328793876
-0.08179366051602077
0.4115339794806645
-0.6297388615060773
0.3746900967134563
-0.9382780931052961
0.4964846734392972
-0.3788205562023301
-0.5496857726842448
0.19261881223184396
-0.3607943279846808
0.2646324734054317
-0.928458480177327
-0.4618816267672099
0.42326585425724894
0.7864002467631277
0.617952399328072
0.07205497153423668
0.7235079255251106
0.29930346023339416
0.7629052841960402
-0.11405797319395017
0.9110653643343609
-0.397954793593742
0.6618402449310337
0.3928802167210399
-0.27129650233405744
0.6107200920429394
-0.70102942775027
0.6358527895367643
0.19149153370979088
-0.23636248780011004
-0.28345533690128644
-0.3607204784200752
0.22204785434944974
-0.04481552873783756
-0.865936422401768
-0.4689545981135872
0.5844937395738032
-0.42796902637457856
0.8176310141262154
-0.22100835428184817
0.7859233781595121
-0.7149408126748813
0.9111067974949365
0.1112965893702551
0.9885870008883431
-0.6070236273757925
-0.39007980051513713
-0.8411371347261676
0.9860716942330878
0.7186483716352194
0.19479078686867934
-0.7917327090888344
-0.138784143260003
0.3267703110610525
-0.9667093267668065
-0.6793991826942298
0.07044812635589293
-0.3289603917933744
0.922700542994833
0.23487221399019087
-0.6113068006304732
-0.9041997867215132
0.5582364778565942
0.6419726914709158
-0.599059235913407
-0.6625826779733968
-0.35207987967838905
-0.3484706533702566
0.0410273410457247
0.6577964988643958
0.5395951420463807
0.5728013191623087
0.055133024020458166
-0.5223761814213678
-0.8619238232447997
0.4921018550796685
-0.7930512463420683
0.5526061668569759
0.3585995284448119
0.5530577949534194
-0.45657701936505934
-0.5189676294073098
0.407204713743333
-0.6676553752869301
0.10444959628219652
-0.5097012381939052
-0.2677277797891442
0.252365480021983
0.0868115277149939
0.6541156247762521
0.742501899586886
-0.41633139684096765
-0.3387420705436422
-0.8115820950674102
0.9761271983206423
0.26275402903460227
-0.5993281439609464
-0.9919676008813334
-0.1875360443056162
0.4950346220338364
0.5667943802055235
0.9661912234497323
0.5859238474746375
0.8842899447451869
-0.5701867529033497
0.19165728064176957
0.40137185396406094
-0.2542101288010341
-0.8277837679634323
-0.8964896437288947
0.9232363474254472
-0.8840450417356638
0.9801507893500654
0.8858804039501371
0.8670115229286267
0.012259163843501897
-0.5349585169290261
-0.5275057583018408
-0.7167711774998662
0.5186533718539812
0.6922945979562896
-0.5816686697193482
0.8740830849171325
0.3909035553715927
-0.21751483360192014
0.4494477080383956
0.363406534356306
-0.9549028135542786
-0.6976299896487614
0.8629562007064673
0.4535754189556671
0.0608587673169807
-0.5224714592604658
-0.3849717401769399
0.10904697516970141
0.5103188612690179
0.6353819362811386
0.32948613778758085
-0.9055694620416275
0.06866641139894747
-0.7732025800278255
0.2504332146857462
0.10153006488805394
-0.20280482393330734
-0.7235643159507785
0.7932963147676546
-0.3758652206610955
-0.3819906228431065
-0.8235464663002616
0.14672965212700098
-0.3990109446326881
0.41375741784895137
-0.6348732289896104
0.13078149231108416
0.8620511946971612
-0.252734742553576
-0.3785890909092895
-0.33002797849269117
-0.857797480300774
-0.3433349968248587
-0.5415880940284612
0.6736722188699202
0.7794208916709564
-0.22231054164378228
-0.5868101621056829
0.7854218227630592
-0.03412155231060998
0.8361622226269994
0.907274322082454
-0.9784325808459391
0.90403160220512
0.4132353197090676
-0.2082787913864803
0.7228460342942145
0.15277308368857168
0.8241978482670107
-0.30750496307264474
0.37314350532229335
0.9926897713476253
-0.11253979392144187
-0.16358657497968965
-0.8843718563585804
0.7327654663334211
-0.48976243566894584
0.1648437101403304
0.13385284768371775
-0.452435251312886
0.0024218717723205607
0.2317947654979624
-0.5675982857461421
-0.3750904988723396
0.30504995498537246
-0.36499966747197554
0.05792391270784947
0.24671716019344858
-0.49444260255891836
0.5430429722618695
0.2549904008642765
-0.30294456889515153
-0.6747211233758335
-0.7414787468899549
0.6824757114178372
0.8591249165803285
0.6273867732522909
-0.30328449391108925
0.43315003823513165
-0.19614195157132275
-0.6083858742372967
-0.8388385811896082
0.31155914908715854
-0.2854817644029768
-0.8217036395849284
-0.1302086076184056
0.5919323596627486
0.08632548305397325
-0.5266263974687393
0.25941161635780924
-0.6980296318374979
-0.7016628507305802
-0.8580256950098792
0.42774336191419904
0.01867914580025265
-0.6244835072866446
0.7123088361213232
-0.3452579671824383
0.9504180167212244
-0.9578765751595968
-0.9622106107081492
-0.7292649050310298
0.43105975665258955
-0.9867331375225796
0.6584467592649621
-0.7603276071765013
0.614549672321355
-0.12034056834338891
0.04725223560705838
-0.9897145856598828
0.6298790778242358
-0.08868078338081808
-0.14921996976751228
-0.8195395397291958
-0.4600933023154486
-0.3608331188706202
0.21997523418504183
0.44468282131059667
0.57947115278173
0.169168264665031
-0.6243813446811395
0.8950761499173423
-0.10049488181753718
0.8418772716623506
-0.3355903900261359
-0.13532029720956817
-0.18151856724989313
-0.9291333990198324
0.535415105995817
0.5392261785942827
0.5735275586237514
0.977287278597935
0.10296169274928513
-0.5580101082875487
-0.1161339168371367
-0.21848279378613197
0.2654590294249766
0.2354377875319205
-0.8964049720056284
-0.17458909382605192
0.6743022202157614
0.36037370231929616
0.580905134290042
-0.4372224296024958
0.3991696111797045
-0.7938107731667561
0.4284216781509145
0.8963413286182234
0.36568015672600795
-0.9945222358471344
0.7120512345277672
0.8287370275368464
-0.48894795446521844
-0.990601391603734
0.8914017142770856
0.5574349079247727
-0.041946021969989644
0.6194211054243728
0.23742342468951283
0.8623276925844638
0.3097066059192184
0.15160213855289628
0.9079950932193044
0.9184295256777604
0.8668529924847495
0.036607084128426726
-0.6202407426258476
0.5117751342129462
0.37412738103192966
-0.7982294532627934
0.014587786342290077
-0.9614777653470049
0.7611806805600461
0.8115269273131882
0.681636790623424
0.6882689956898977
0.27819912412080094
0.5444940651889489
0.565739879953275
-0.43026550464715285
0.34427338303101496
-0.8500522713288785
0.5227803171131653
-0.015214904412299557
-0.2802265430481696
-0.8512207671022043
0.8046592495571925
0.27482908674808515
0.1780259173611778
-0.7297426790849972
-0.8947390144380767
-0.7635643625807993
0.8883390700453277
-0.6608421799932938
0.663635586102066
0.7137390449556799
0.9343974675678866
-0.6003023907590401
0.40895645612550674
-0.6573393919359642
0.620570838514229
0.917888315959946
-0.11262284013814994
0.4237716237720415
0.9565096698008173
0.10079759613662365
0.16322699465224844
-0.8284276503850285
-0.5790752831756372
0.744448963500213
0.9019331405019495
-0.1291455785707185
-0.4877506402433267
-0.8766807276059807
0.22818453808016192
0.8667657735613594
0.15265129897609997
0.05674827561818563
-0.911908368860245
-0.42672395692913234
0.6231893197711698
-0.5229712778276363
0.5840939248657444
0.3769073195261736
-0.6182610714878793
0.5758978093999529
-0.24996012894862507
-0.4006338697204206
0.8516381655080953
-0.07265674108938038
0.24228525572655843
-0.4715857516947748
-0.9469238371209637
0.8076818035133624
-0.46761096765080046
-0.06547957214618716
0.9286332018248407
-0.4476899393579031
-0.7742262375723925
0.46153753533778974
0.7250064013031339
0.49063359132988893
0.5433754862949347
0.8128525206243604
-0.39431212052749176
0.7655533500119023
0.02080388881817165
-0.2498393750905039
0.6851853496539144
-0.363969328134093
-0.05794853455540849
0.5802174931673347
0.6131066540298733
-0.9387955900290348
-0.4200158979956257
0.02562631283891248
-0.40294343493209617
-0.9003418396378393
0.2472774294237401
-0.8485791193501409
0.10767975789781792
-0.7489390696852862
-0.5715726702740689
-0.5750954009060307
-0.20674543880971563
0.1688954985046891
0.12632871780281252
-0.3155783748630032
0.492570463236091
-0.5913082270487671
-0.2984760754675184
-0.3165862368115133
0.6586503884580499
0.9957113470214731
-0.0790710680187936
-0.6156482804889201
1.000905741289027
0.9664230152362094
-0.19456728495752307
0.19280733989217747
0.6307701432227065
0.512091520278809
0.6685227040557846
-0.7298514106391756
-0.137340955711071
-0.42110937100786494
0.6340844810265869
-0.15596061778515713
0.9776194331364387
0.5820006036064524
-0.12340013755115087
0.7116291152182201
-0.36335795143553296
0.007649484543728491
-0.1554528793049499
0.976020584890005
0.9483395136077086
-0.05008362934346633
-0.19211561757192142
-0.5351922852609667
-0.763031146016252
0.5736866805658158
0.21307615041158923
0.2501775212082389
0.4918175892659724
-0.10239859955080283
0.534199728962159
0.21519921702393632
-0.577083587911416
-0.37940803542550694
-0.42375172129792826
-0.22362609262148228
-0.8790407008273666
0.02773083008685484
0.5168234287016311
-0.7365537303819434
0.3706644943003814
0.44066275107709924
-0.6377169499883902
0.2744848600379004
0.04238517933264552
-0.7838413097690216
-0.03715342129584382
-0.7445134374108889
0.8196128037195205
-0.023709254455619406
-0.7606840295357327
0.6999996132491288
-0.6767883050824557
-0.9826481512309078
0.7734299972553151
0.7998068796150699
0.6530537753844189
-0.9608842455488502
-0.1706551596697005
0.9738608809713629
-0.02567340562210135
-0.371519901464152
-0.8324693970664225
-0.20932854573084447
-0.7156297214295921
0.08323599366238772
0.10608841982016348
-0.700857353161892
-0.14032065381779146
0.7694165514999854
0.02930929933626225
0.1251970781521714
0.7748037163343311
-0.6056052800062365
0.34279393150127446
-0.09847950617007784
0.32539477442888964
0.4142478623869448
-0.05442293552200821
-0.1272091433303997
0.9866010961976757
0.8174156283312795
0.24011876868538046
-0.8201070088787364
-0.591781335409735
0.9132808154582733
0.8574263647029027
-0.5048287271777132
0.7515985521771902
0.6579515475212868
0.23191845480195095
-0.3154878848612272
-0.45982975446355456
0.3561646170464599
0.6178585547361762
-0.95914797117332
-0.6531211291965738
0.11915933328125436
0.2838283744439865
0.6590823855643833
0.5099007150951667
-0.43592943328024325
0.8888555586180017
0.15748234960164592
-0.7546111505818234
-0.2572875900105889
-0.4856374431751338
-0.6796387050778198
0.8104385358294013
-0.07636950085955375
0.2720861409944175
0.7052981272126613
-0.5867716265083633
-0.7205423031006275
-0.04724973047674057
-0.9762491133840051
0.9726227462376515
-0.8132534644723252
-0.29536511388800357
0.6956353938304696
-0.7901560885368146
0.5202290611864957
0.36607565140113163
-0.6901246826151533
0.9537872848060037
-0.6744693861051527
0.8749830678140477
0.6173288287852833
-0.9717095302216584
-0.620472599258413
0.8487194807249152
0.8295524348497463
0.4623669130348309
-0.9617687047714929
0.25252865503286465
-0.261945086589339
0.8606752599035375
-0.1956220324677464
-0.8918740335549435
-0.5373400040801446
0.9014019025856062
-0.5251018584968183
-0.0671538175597003
0.2946830314053769
-0.15100900000700723
0.8779908286020417
-0.13071316549903308
-0.5838239364933698
-0.9051640040490962
0.9940847786756946
-0.7872004672683484
0.39109180113961806
0.9784848159899975
0.7308360251272852
-0.41414404769306923
0.5455055735225419
0.6034672020533962
0.77842749535381
0.9457206579274614
0.47534506886877365
-0.8585729177086836
-0.6809275086875817
0.7618241656791169
0.8614227954438096
-0.8493071781672324
-0.40595276086028664
-0.36947586389672343
-0.9903581240991266
-0.5118540905367055
-0.9756432367986161
-0.957720109037093
0.5214354288837013
-0.21819644262956298
0.8918120875054975
0.44022128530346083
-0.4221052640835548
-0.5380390072945248
0.14244672952066928
0.5336920186973242
-0.9768994102338243
0.7836810430569796
-0.40290106615629123
0.7813709811353988
-0.4534809588220811
0.42129340866429876
0.7585437821128869
-0.6505072726653731
0.879747208863916
-0.9935676284427715
0.33949120733792043
0.9134681529629745
0.10824185027342893
-0.8862364899463613
-0.31871898617110245
-0.12207913731243952
0.9586775991802297
0.8861450038687149
-0.05588129728359741
0.17875838665878338
0.3615769077544537
0.1379240511813722
0.6617810178013809
0.832989154847553
-0.7129420400674252
0.4620768734277929
0.8603891544968891
0.20543541526561845
0.2520504496377818
0.41552578523304623
-0.7211081581747677
0.49929753133126087
-0.47317152765052733
-0.02600290444063736
0.9841658175371711
0.8296609911244359
0.5790224194722265
-0.07153569158703081
0.2884640071288058
-0.6487182596442689
0.3284192117196585
-0.785465429761013
-0.09175518022365292
0.8255612424467728
-0.7871881575847732
0.8180090481666553
-0.5329061114140159
0.33847038734782275
0.28316927298566713
0.14643163251349847
0.15077995968007857
0.617525308696477
-0.9855366297278433
-0.1315213743447976
0.6541215455939539
0.005835649550633877
0.9343387224579989
0.14064198474921866
-0.14941995284559323
-0.3196790211173977
-0.21180939796108333
-0.1973015604191024
-0.6074113628679071
-0.11768357672165607
-0.3829287187696682
-0.8595842259913034
-0.9078374429776201
0.9115714486972987
0.43763033880780206
-0.9440771605177711
0.5374077092262113
0.15842455771798059
-0.5713649816823971
0.17051054824501352
0.034555581965685436
0.41594392208402275
0.9311135988836581
0.8441715668047134
0.6461834345148818
0.6362763600200801
0.08472630346848818
0.20538597567308156
0.0473424875260655
0.2559847272784457
0.773471449937412
0.07213401654424255
0.21150285776811717
0.9819631497919626
0.25549116556728646
0.10361814955503722
0.4846627730468225
0.8152372843728157
0.8921779775524198
0.601829923997189
0.6047427901355727
0.6975440984240227
0.20150091197396106
0.15715045908472147
0.38123629565269745
0.6790939727637069
0.5873186131652259
0.5731783733612851
0.5306691989416593
0.7083211903011203
0.4447674136500362
