4
59
59
8
8
0.23414326254589135
0.2962162954465687
0.9718319186736165
0.5426388057767977
0.1603829510010577
0.06916069839762606
0.33574394447838307
0.5641942086095919
0.6584431682917958
0.6970583210952079
0.30529736478338376
0.6540212149271578
0.7448273900382747
0.6344292441621361
0.4736348572883524
0.42035265441360586
0.5199406740183223
0.5978426189363395
0.7729242669814299
0.6682435551945535
0.3958962569136306
0.45659534656807743
0.31940736904493816
0.8702465117537822
0.48241185288195954
0.636490248442709
0.07319979198866411
0.6476659059682273
0.8827791141893295
0.2632861762533738
0.6766201392314205
0.24926355672368206
0.4575541389934278
0.9867895212129763
0.5239200812558044
0.6407967779563395
0.9505307834867532
0.8067961512932869
0.18087753693183328
0.1500535974488423
0.23829833521818458
0.2237919705142835
0.007017741907080488
0.6768765976535173
0.9342845733735886
0.07796633845613934
0.3953588328281469
0.664750452871817
0.9986361773921176
0.30702839240784374
0.40783486979252237
0.25277702210752095
0.19313582839508459
0.9273907403358609
0.7908501468328414
0.8214683747083722
0.8214643884161037
0.11201582804712358
0.3447290770065766
0.07545675803640284
0.9147408906779115
0.7045105999983868
0.5018142442904553
0.814137060796897
0.745693649848046
0.10824706366061143
0.22011883245573882
0.9516385026142521
0.7993064839311834
0.5944817008628719
0.5201241146213212
0.688280218808651
0.9691876095153708
0.8730948332579036
0.7062753314826008
0.3047164118019634
0.497106961242063
0.5825431618234254
0.2696588652686689
0.133205968154403
0.13426411433448554
0.6090528655634599
0.6425526009561932
0.7575897741975887
0.6312969105699064
0.5666498655021853
0.4860288927249662
0.10072302261184063
0.39185145596636445
0.08975612319877213
0.20482742552925304
0.06068027461380321
0.13397174763976705
0.17741437304975105
0.35507460458569284
0.3062325529960055
0.6873612063931942
0.564715004291111
0.06845984404734018
0.6561878762127116
0.35359683915524837
0.9054277636730493
0.7593686451167782
0.5538996141699218
0.34218642967226154
0.6476685513512599
0.03944312777990677
0.0019113578763687855
0.09666361488737552
0.529839302214511
0.5170155471460658
0.6483489421739635
0.6251390781966842
0.6126803296190365
0.7015944486546896
0.79900630959929
0.6306230112520173
0.4170943324906642
0.6018749933183162
0.6141090722354176
0.6425867641058375
0.4325649562883452
0.3018846702056346
0.6927572090190341
0.6967619528840218
0.7809011547662137
0.12807516151612774
0.9519829621601288
0.6899123340042612
0.9431241183273126
0.7085352864353939
0.38930883729765664
0.36716998200033324
0.39744605982389886
0.6641767968331044
0.5836498899167426
0.2936495277582474
0.6459315478005785
0.3743931377440718
0.8305139083787856
0.601557361850572
0.2979044504861642
0.7558946296597061
0.5218738526780297
0.6516890707427531
0.6214618689310097
0.7575958300367235
0.7038449485054213
0.22387974215574113
0.4842138213826639
0.7862818989001648
0.1207177421222172
0.4622568769725258
0.186800938530152
0.37599979301969333
0.25064480320155197
0.6846681225185498
0.6884387250128805
0.6509098891987236
0.6978617393031297
0.9054150838305253
0.6947168991621319
0.8987463232419444
0.5693590789214585
0.1754706877309865
0.3416632993075871
0.18657248256753667
0.8532762785856547
0.999058479816066
0.7542702761734343
0.7608444950372244
0.05552128949912598
0.9118128691126484
0.7526769530852443
0.3035495826018997
0.9556380236373304
0.9527452903231025
0.46849343274871436
0.4752369508646054
0.4669952012280876
0.6113692824572992
0.7260338237433174
0.44385970775378636
0.4718344273944012
0.42873646432573187
0.8254514443319678
0.9638790015140842
0.779861835501289
0.7617396215890211
0.9282461075788491
0.5699690223769915
0.13308758989189073
0.5098203400442723
0.5083351911082925
0.18926094013627248
0.0975537927654172
0.41027824212614017
0.16281621405626254
0.15467641628148887
0.09926521613749573
0.9197982845994864
0.29627977243104553
0.9805641667914454
0.4959067644371157
0.6823109014578707
0.843027575558774
0.4739190241478496
0.5967736629880908
0.02406978840054408
0.18145483794966732
1.0249487674940794
0.3328490144630015
0.7042177817117435
0.6624472970948486
0.6192715886342192
0.2955652901384054
0.24829551612784162
0.17026531223898111
0.9739545417333741
0.16063737813130619
0.08174526646646196
0.9736349853808348
0.4581960021538075
0.0924570829210204
0.9285349582413593
0.24613664846994399
0.028452859531968744
0.5539886273522903
0.1848479028133129
0.05987598924123294
0.9672003234441905
0.3359164218857229
0.631366608010165
0.8136502710794978
0.6333038661153341
0.17641368650718459
0.3550149139652715
0.995298229601503
0.8119329799497652
0.7774704142933561
0.9663199147705412
0.8976488351047871
0.4057460376195312
0.8459851000441218
0.22374847511491067
0.408461091350945
0.3896649216501104
0.784895042471813
0.06894978249182238
0.27697277310059143
0.48625240526611985
0.39014702041794247
0.44539977764036676
0.3231537358505562
0.1667204803869654
0.602340268497827
0.35719592760866337
0.840983273247927
0.11654232156819944
0.7573319334228523
-0.017543931740407054
0.5490593749495468
0.5066793401557111
0.7852505836672743
0.39208063916402064
0.18303679213767277
0.6474553886244656
0.378925738283843
0.4411976035219548
0.3449410676228467
0.5847416560718648
0.5170035032316709
0.6694005749217004
0.029040222972387064
0.0950748750176158
0.7635354196743289
0.43448804066295477
0.32700631770076294
0.13074619553930555
0.7943722696739035
0.17531829665288812
0.681288382830862
0.48280218933607155
0.5832008458941873
0.7075904448533554
0.8700655329659811
0.07580293145903982
0.5068038891016569
0.03316615588621538
0.708634953793374
0.2540412686629099
0.2638660367409369
0.5862905842397106
0.2994220007052174
0.7354189703807759
0.21520697246026943
0.5438906032013301
0.9685981429412086
0.6801458152074298
0.15816369213055465
0.022876124223946734
0.12030760981373267
0.8626805551039791
0.4427094889451093
0.967429290682835
0.5997054101561418
0.2389721474004304
0.15198119275751787
0.05801646238782465
0.383923250036615
0.38464044701734446
0.17702349601804224
0.5201951446271283
0.8764499888222227
0.6009909847914393
0.5083379574124419
0.4346035873448656
0.28633759618074306
0.8765773448897608
0.7351097435749739
0.8852098249004199
0.4088340798261645
0.733719165031379
0.34036754692811294
0.007655880045602914
0.9487420746694256
0.4596560632754727
0.21062789439860996
0.3640265697346322
0.08065099658216957
0.7331257666898888
0.15238908046530453
0.6889952263195047
0.36196994227225954
-0.0804347464935046
0.02127671762783301
0.23296287696285478
0.2988187834144419
0.6689996857467052
0.38865956492289866
0.6397215029712844
0.7841786070738416
0.7443470588849127
0.3712672543293588
0.5393356013889192
0.04075787889839866
0.44119917155104255
0.6239015956027493
0.8113511966340688
0.03102967329714501
0.7505448665435699
0.13399826109034396
0.7030348432838448
0.9928350475798854
0.7391268671079113
0.30512978108997835
0.43281792013118714
0.8758904170942335
0.786100872297589
0.9581425951606225
0.1473317371673073
0.34763405815214643
0.1921387122610519
0.338109162149895
0.259740778148734
0.37884869528966103
0.5034189269582379
0.6262830769707618
0.3264125957715875
0.6197972064902452
0.8436069869036756
0.46742756349566017
0.652367461618344
0.21851295979145002
0.1146468825522317
0.1408722492004602
0.8386231154152497
0.15110815305140096
0.5995797496001214
0.8029699091657161
0.7985974787199487
0.10948381172685151
0.8016987103718445
-0.045543827352273226
0.9860431736831105
0.7471081380411081
0.048698174826310114
0.7419674117965948
0.6484924242556918
0.2721196609639157
0.7466933877295805
0.6715965043121908
0.6355127088930426
0.17979683825077697
0.6745816310462949
0.8037650046672309
0.3766793286041271
0.668532633112007
0.2230218577812374
0.9160481399223859
0.4426253944613212
0.8012335826311484
0.24024991740787716
0.5543262206056967
0.4390532354972355
0.4590132111383799
0.6928585625962137
0.14665080552203624
0.10449366058812778
0.5305599649873104
0.36733269171074456
0.14142523396546347
0.5401853404020247
0.5268562096867111
0.6600992354934483
0.6014063885106772
0.7505717246541829
0.3011567893519036
0.9898514462302868
0.326529613024628
0.07784309951957313
0.5316502441580938
0.6060739888937516
0.711262140267241
0.7986429718847377
0.36058910287727663
0.4364807012489469
0.4036544307763328
0.980898894263773
0.7897042070197271
0.5401365457909562
0.037359727811766
0.6738321573297361
0.895934921415652
0.1451943001107151
0.7932446106146585
0.3079388647334582
0.4061182419384183
0.4322820456073957
0.31381417636939524
0.2823458635965779
0.6858183331565924
0.264203185077977
0.5415272779401614
0.020263087942622993
0.42223024672304577
0.5025473079357284
0.4394387076197946
0.4629732996169291
0.08646143753012117
0.7015346951087962
0.6968784982448707
2.080605613364872E-4
0.4764743374565753
0.257712791402058
-0.01889460901601818
0.8361394235277607
0.7787555867591606
0.9680541654894216
0.723360211452204
0.6266732011541456
0.7356721865860707
0.761804543256025
0.14988781878740687
0.3956167453248396
0.30381993809210983
0.0067943898174831485
0.4034918916403052
0.8769722152395666
0.5655588663040279
0.5494581785605656
0.3884454152094794
0.7081594579513668
0.7381431134224247
0.48546751068119964
0.6043888006508028
0.9705108761346972
0.526837898429714
0.5807341987998811
0.7256709606201398
0.9017514518190366
0.7496635627709465
0.30354451456005066
0.6461703850055585
0.020826491898226163
0.8706152589028334
0.4053718190525498
0.9639389376117132
0.42773893198081736
0.9271260052880762
0.13091624350777675
0.18319048888936085
0.5123955019123104
0.420546054800612
0.04910334644678653
0.20059872820232238
0.015631695790091136
0.10641977133834946
0.1534698484297419
0.775921601893809
0.6579384458381113
0.6496725038123825
0.44157044749209445
0.3617608762489891
0.9850397073960496
0.7642914865180105
0.04186097552570135
0.48827029625751744
0.02736735481003527
0.4734163970498092
0.40950616485085267
0.42108724681332677
0.9322292025444374
0.4940542572870058
0.14788714312296358
0.553319729913937
0.7905651351782724
0.8173508718533453
0.7557763043927543
-0.0727013095027591
0.23447488536094707
0.7586110157438848
0.6005582726270603
0.8584953368177451
0.7640978728261973
0.4690663035282362
0.7371963073267671
0.9481691139104569
0.5413534281153172
0.7534456439907645
0.4959854243394489
0.5166356763874265
0.9545715291039842
0.5837844191660851
0.7589664205270418
0.19752973497743903
0.22270831460510243
0.5211995489090954
0.5936829296150998
0.7918917515066538
0.14886693681594768
0.404713531239115
0.9298068004908463
0.9484697534394897
0.4153695817351448
0.551087843975666
0.19953488428958907
0.06366330576169776
0.9756449440704005
0.33246438582864835
0.648483503752578
0.42692033002860247
0.7124098347593106
0.021636611240349324
0.38295028231684825
0.9823542848555062
0.4670314559143549
0.6054496760218463
0.0047722058262169575
0.21891930131521725
0.773923764612531
0.9826077280563291
0.4766333357574367
0.4887666768639013
0.8505109415194146
0.2189092400581677
0.912794242996079
0.36933664951230727
0.7024901014330738
0.2903845064806021
0.13789045464724847
0.3195551717322563
0.22381243938610196
0.41233341491399345
0.6963128611374851
0.2688236426991684
0.9836360336085321
0.6597875019483068
0.7051724686434722
0.019624218462932053
0.4773675044612523
0.035283249944344175
0.09053113210770691
0.7959672999918767
0.8416079507779575
0.6110949485018086
0.6738554594248695
0.17461850902121923
0.348022176213475
0.6058561460364248
0.1151994427586035
0.5954885532317279
0.34154585197957776
0.8526100360792535
0.6447833506205811
0.767286276828921
0.6607981713404832
-0.014885751527728003
0.16909687251177086
0.7680678320002607
0.7168223485938463
0.9220521651496095
0.9700427783872864
0.8682910068706673
0.07510963289005568
0.29552559755442676
0.7835450642212958
0.8402148966364599
0.042678431418669005
0.969771014250132
0.3410635432159127
0.6413759575196968
0.9018417713016822
0.7809212955462478
0.585603705461466
0.36241258983463603
0.7957914778603289
0.4999702217667805
0.4118670421573988
0.13312194527179322
0.8076974534791791
0.5448220725805533
0.5242418362594827
0.6471544759908621
0.3871064156894162
0.24828744830655203
0.3938601754132033
0.2131567597285574
0.42469216116853836
0.849088778528637
0.5559716706125557
0.8419656208619583
0.1285465874129923
0.7493222661999495
0.17489642416179685
0.36116732758870607
0.554552399584461
0.5699741186277045
0.12542819300131303
0.6689774175429088
0.6471678881255986
0.4184784962378263
0.8470325205187461
0.9575064502128707
0.279710496254159
0.8542701359262921
0.6170877529551287
0.0397430197240668
0.23351780054552274
0.3776788097573644
0.47213920738031023
0.9976443276830417
0.2027126344900333
0.5664052285180724
0.9146624834826345
0.9082538551674189
0.09484075515030987
0.8034735103375844
0.08927206137312227
0.37379728856221206
0.0037031837073937535
0.09090067924775247
0.5617061874009526
0.1365757325141007
0.7045358249556674
0.8686443092628409
0.2177090413112338
0.6292770139037682
0.8184464081686127
0.7265865210339171
0.21396877637689737
0.11317759494364066
0.6829249211683853
0.32365303419261426
0.35956071303135195
0.3921052749556113
-0.048693896206105786
0.05327130169838323
0.7838826514423781
0.21364025698916317
1.040436477141606
0.5441106873752962
0.25585935852213126
0.040987645107436924
0.37797766749543193
0.9492958557955894
0.12660592967269774
0.08849339996761729
0.9244702462925087
0.11066097528058438
0.9000335386165392
0.21978765109950527
0.6910589778308266
0.7872947135170736
0.9458951944708002
0.8560291546457341
0.28402039491697006
0.29483224193986857
0.47089682594993537
0.014568462036524066
0.3685100630927094
0.7402830023871907
0.5875906977186321
0.5806656439349047
0.337137295998447
0.38026990974090213
0.331497465870103
0.16331227357378897
0.20923097554824743
0.9203620094657975
0.2800223258256746
0.1575902448972223
8.47381408258796E-5
0.5137261714597128
0.8356203869448103
0.9885638993592935
0.44888355687135373
0.7405380351341577
0.8077163662623386
0.4267984180864297
0.1746787985523115
0.914817413742839
0.7078602927880048
0.20053222652681035
0.04169161682149458
0.10423395936117652
0.2277712804341403
0.24138832286965012
0.6983886421590563
0.6920121158687083
0.5704344394114452
0.8673898881836899
0.5091968890595794
0.8287853614059556
0.7553308879515105
0.6619453901934415
0.7985665725147783
0.48087747401058095
0.055692377605237486
0.36733505264242716
0.922376548265021
0.5634058473098023
0.6586761621593525
0.4296324447944698
0.9556987226802387
0.4075153766426881
0.30327879572752026
0.6087119628271943
0.824815843903059
0.9583351316442112
0.8420608964617293
0.16053897170343678
0.7965893751860629
0.4996477173444962
0.9802533356034555
0.5499240303248851
0.22433405006738438
0.30863744737908916
0.0220887977622779
0.46943920327281885
0.4764048391013658
0.3209990039582101
0.6101222695148001
0.2881957972653406
0.7818661455377609
0.461406171545923
0.8435392692047516
0.1814816950976017
0.8834450638571365
0.07516290278756421
0.30984359637341047
0.14926885666956724
0.09558490067218117
0.4298136484421804
0.7602018124674439
0.6670169173045155
0.35857932902381173
0.4068818403869442
0.18861736837645748
0.8587087454242458
0.5113347213593682
0.17586956131526954
0.629546562977894
0.2572286345614574
0.4572407110245378
0.03171826932437373
0.16213960483839107
0.8420088820810812
0.9147725362116098
0.9298610709581628
0.2800034130105694
0.7349109544772128
0.9448738066015857
1.050653594021604
0.4485728079099742
0.676722640060654
0.3048590025933293
0.6178378093467396
0.05333666559133998
0.7392448556012994
0.9443352370781196
0.8209379607668211
0.6068650099731384
0.3071029677689371
0.5159381753631712
0.7056821784415843
0.004795575374510697
0.284661175179982
0.49537413172531963
0.021357959416629102
0.9526441678163526
0.30150977388996036
0.6088450393896343
0.13818720727696637
0.6399468447098879
0.18415413971621397
0.8530637210282301
0.2682061243345905
0.023308564709487112
0.7966493833117503
0.3905732626522639
0.38002749399464486
0.31709571308676987
0.7807544266166833
0.47959366607585074
0.1623053385777249
0.11349924682827439
0.5766990229320079
0.39577839648648294
0.29694147160277207
0.6942015964136271
0.6403709067229548
0.5628304599265058
0.7962342354115707
0.8064566536257805
0.9295801917945913
0.6465593402448494
0.4475202287945911
0.8491944896372695
0.657829715833482
0.39379289223549174
0.6911439058396017
0.6864318658529365
0.16419792792039134
0.2941362717080785
0.7807059573971773
0.9525987373607782
0.15986918429306918
0.2733581807888328
0.7735469799178948
0.6144127449672527
0.25599127743573963
0.8758089538663999
0.3022334735778841
0.575700082556238
0.10027543638103464
0.33599465908995607
0.09239824508371225
0.39292091133941526
0.5841601978377987
0.5249861163369477
0.2733792466647633
0.3363652594656783
0.12704330842426742
0.6140935763838291
0.8304823791667992
0.16173743830311638
0.6932765341974484
0.9211843659172038
0.3943927887860944
0.5277578490592022
0.44775180068556464
0.06900878109527384
0.6396468599193914
0.5000987617503473
0.5536140248463803
0.2513667139914574
0.6499701590690361
0.2810876593059414
0.9831924845771397
0.41376914253510755
0.8782245898916937
0.19855660586165536
0.8861160644590181
0.1357853791511744
0.8519947893277338
0.6860866661381857
0.2631052217464803
0.8227896156541369
0.9560911307718111
0.021982945474512516
0.3608185932588869
0.4496940871299079
0.12436590545436428
0.20936704675755685
0.9304792328986803
0.1301211008704809
0.8300129723074875
0.7270811265227839
0.7774497361118969
0.42159844252936207
0.4968590810940968
0.09164570968750882
0.5684458770504115
0.13914063312182415
0.9003406430314563
0.5018247873474243
0.08718811149139549
0.8869376442528989
0.12396075279946883
0.7243213383955286
0.05762185581552293
0.4397636826895912
0.2265753667700453
0.7716568673276462
0.940728014271735
0.32176793859608643
0.7841239931457938
0.13096880176484654
0.5631238781820322
0.8167729211864386
0.8584396650604883
0.6263552311233863
0.2850438058227944
0.6506359965998545
0.34459452114228034
0.9467212824313894
0.38288632071781564
0.4882197366970621
0.9372220087042509
0.3714710084115139
0.9465437788267721
0.8216743265062988
-0.025861227726265004
0.45988997838087475
0.7034090887674314
0.06233718495626996
0.10135085057311191
0.9581190815395292
0.3607692171857457
1.0777829942661608
0.8847187698155486
0.826816897847095
0.6386413116861558
0.2508003730323581
0.872489899646655
0.2959146145024306
0.8587952691834544
0.03846218519986995
0.897493982126091
0.8588847282794327
0.574869789586308
0.33046061842228
0.6331988779353268
0.6186260974817497
0.17048955543547073
0.8652039824050581
0.3803978309462406
0.47586823548562823
0.10303150578875442
0.9554406363063287
0.9680881546936828
0.9826014455350235
0.054785107439478065
0.9207774781862484
0.8292153286240221
0.018743469985360917
0.32888772609829864
0.14976526227028386
0.04295385761308479
0.9322968492226068
0.21712362531504759
0.8883294916937419
0.6076715797683115
0.07265240920606908
0.40931048969366823
0.29034067796245133
-0.04240652537342153
0.1980428946207745
0.9242253748731454
0.8249705475802429
0.3959585625606724
0.9544334844377133
0.6965545681999132
0.3694820970927255
0.977997716967102
0.8359035435441506
1.0755160433162523
0.24285483595008284
0.44192397096402736
0.9039827220171578
0.3713392035367141
0.8472676540811267
0.4604187797219935
0.9209794482555208
0.8927468118443082
0.42137606277239603
0.6933345242093845
0.6673065000554687
0.5795894383510733
0.7774848826518147
0.8434024747045387
0.29981321818849926
0.7623686853404011
0.9530632111324925
0.39083864089636244
0.8126064142156934
0.4054067378063285
0.8662559369838523
0.8793037467311974
0.9483681248718016
0.6507270362479792
0.4266518019577735
0.6992673648347708
0.6436654817611644
0.9869771427895726
0.6347923886516575
0.1611378228292828
0.728594641667044
0.33133238624869327
0.31977693857916806
0.4140228037234568
0.6565715826781995
0.9700557656296559
0.5256704817642563
0.7504111105177131
0.7240262866168238
0.9449934378240749
0.5871908354278332
0.8958131763578698
0.2163639014128382
0.41854366658934283
0.45007983540215735
0.1265752144242971
0.015359519388661114
0.33198630151879427
0.46578875831201794
0.7977870344472074
0.3274559486320541
0.46731310903424794
0.778196311186343
0.20757736326213283
0.889931742399659
0.33747425545321774
0.24078460867768453
0.8484368939777798
0.9104175170794324
0.2524377909529054
0.47840387029164566
0.8081291102728879
0.7227711561956038
0.8048231021943485
0.1254065564342975
0.6758312983046517
0.40172240621098065
0.9605563666961459
0.5807734853518456
0.409282577594577
0.11040398203663865
0.5267243750121553
0.1309829251826179
0.11528830733686024
0.029704598660965864
0.6365191382118112
0.4100387164422644
0.7184411857687153
0.6326958836898819
0.34335490525450196
0.12093870012334296
0.3322540912573603
0.8363500259716613
0.22249349517769834
0.03041836489749694
0.9186667706806501
0.31759175372134585
0.8747702649911349
0.3887823046036456
0.7896096048553524
0.23341264328601985
0.4015284192513885
0.6616858285874223
0.30636805215503005
0.30297661254932695
0.3963819805898132
0.9170960677336311
0.5385745012305827
0.3509244102366116
0.8856332928609948
0.6042451916795678
0.2485265361000023
0.9329918696806535
0.25845863319151374
0.8439743567261041
0.33257662486539014
0.3535736711644426
0.36453332376352693
0.6487248659827964
0.19594986869483821
0.06364984105321414
0.17954562651965766
0.13441716201919018
0.5265196833808837
0.05729003617969508
0.21521571288153163
0.19050788689012352
0.5803750860758735
0.8071242431663485
0.8756508139420837
0.35666088990208433
0.23153290291754325
0.10288286835015548
0.9419377861047052
0.07332707856153572
0.6930782277412859
0.044501705699940164
0.0748097178099549
0.6513446931669572
0.7913207314920478
0.3563261424663613
0.9846333469783952
0.9546613952891989
0.8926466813123898
0.13523822813860908
0.974688565233797
0.2461867032717101
0.005802259795251952
0.1230689528263893
0.8176353671949824
0.07092074606239362
0.6792037661221632
0.6024475826442981
1.0532719812343823
0.07048684269527306
0.7884245791093988
0.05527839390885125
0.7767388120457933
0.30607399052660056
0.9053071914479472
0.7943250489543381
0.5725978417602149
0.550538492162543
0.3377327137167554
0.8809207219640901
0.9997671750270324
0.7034909373512027
0.9164065268397074
0.6924422563251537
0.7279205094326703
0.061714585721055815
0.13583856983561138
0.3335870222032443
0.5993965050195201
0.8579817260984763
0.34087094258687667
0.8862795623892409
0.11077521523059543
0.1255554640755976
0.2587782979050865
0.9119700123214896
0.23541363954476113
0.4279648077992092
0.15101958050824338
0.18845067672234528
0.2586086986490582
0.9506507492359945
0.22047287375701344
0.4224426724080093
0.9926586066875853
0.7114114966588043
0.040299339261940716
0.40411118967841986
0.21862937239321156
0.6688788380383838
0.48498829168920804
0.9118307514098768
0.22040280378680233
0.6342887262364865
0.4437136521018903
0.9331226329871293
0.7483399917756705
0.8913491621923539
0.019317967147168047
0.9347289749758644
0.2452920153296685
0.17018198547366792
0.1644524917319219
0.11982825004899489
0.9738604590723434
0.1620087197648582
0.2418413508754389
0.13448505025094276
0.9459906305430829
0.20440760188322116
0.6298531571746414
0.9235306439958509
0.5751726619115194
0.8579417712513395
0.7648648970149265
0.8118817961960912
0.09145881164582759
0.8332280613495849
0.7081006551768296
0.5296225329322499
0.14222088760500795
0.6360419260942148
0.8663978205653462
0.882481170163053
0.20209079950910014
0.28505444007399555
0.3485236679723148
0.2220088947096105
0.23029730447167343
0.47967236796484264
0.3561932067031115
0.4709879069847752
0.6765393521284696
0.10780611614527602
0.04670888544297602
0.02072703324922709
0.19485200273191317
0.9089030309365451
-0.0407986400596831
0.7341487144527672
0.2193823696892332
0.48330873292630294
0.5279023935144703
0.8386704912079387
0.600270126172993
0.575023514968549
0.856258144331691
0.30674276475809836
0.8547880617556611
0.10077541882814596
0.6620662166621957
0.16132328884851
0.8728199584642928
0.7440285250991964
0.7498067758551894
0.37913116265244595
0.012039623045242503
0.13015528393821202
0.40881927622219194
0.4295389746225862
0.18631098565363802
0.6071613380863026
0.4443253267851951
-0.017041338917034188
0.8590127358658428
0.9335663472815645
0.6680133960889632
0.20507823408641368
0.8444232041411937
0.9032086174391407
0.23750538455547698
0.5120810296246954
0.6285960301558542
0.7650533103728129
0.049914637472024403
0.9105662186446727
0.32256922388336473
0.7118989632381788
0.015854721644442016
0.369816675268127
0.4489425219645873
0.4096616522127863
0.4066437945004656
0.9661036414731213
0.846685374915335
0.8053366698405102
0.588082110570469
0.09988038355350753
0.25827797934879965
0.5985655058809141
0.9847446903156569
0.9362311211824894
0.16242911138204508
0.8523634969975831
0.9737910111914455
0.25347886753018495
0.0015465478049503378
0.5643574201968654
0.2710726573136397
0.7971561647503261
0.5804547409939731
0.7447774180907925
0.7967906536948304
0.5241626369174587
0.892580626960043
0.5547603675828033
0.9320419774814792
0.32822848038027275
0.5491622531377601
0.1940596266924838
0.7112600926183464
0.9805903063126572
0.4378661530384934
0.629778413570233
0.36458743039802344
0.10389190333179701
0.5199138173514263
0.48617030039045606
0.6525468395454087
0.16920690290924523
0.8040525127207846
0.867599602672279
0.8555107673036941
0.38683181663442207
0.8803342886616735
0.8801878303012416
0.28567182619907483
0.10154778514210114
0.05202825202983843
0.42065787855353776
0.9805629460888604
0.03729722947795211
0.5206919088446835
0.4192130694614238
0.20187709354973926
0.18709361365725247
0.7070507018771028
0.11243135416134009
0.9623654811918425
0.009584069433684062
0.7394293141453363
0.14885066872904062
0.7842290835778096
0.6366458459740122
0.05756491429846078
0.5221818054945014
0.7975228558926666
0.36920273735573805
0.7170822062265162
0.4463419622561472
0.5994295032811352
-0.02717010595751196
0.2647426328537187
0.7316467917376649
0.5523531949290132
1.0706552662728035
0.10424804907662177
0.7947504006225715
0.8808430738224912
0.9440900600244434
0.8369643130068489
0.24415776109895201
0.9932743015824491
0.8989451076298748
0.38309989623913354
0.28898055420120206
0.11167750225372039
0.3622212466812744
0.545159402613632
0.4580680385802067
0.16755837980723276
0.3680775258597284
0.5447048934773632
0.5124155607271553
0.08445486528700208
0.026342379829329465
0.7405206869607984
0.49488494945523454
0.807464746769109
0.39534555872411103
0.13382355723853712
0.06588604976706236
0.9863569628708663
0.7559772907784184
0.7034063614621587
0.1650587410326807
0.17019413754513962
0.1723259654535998
0.7355410990815582
0.8351744852422558
0.27149248046864227
0.996572786942201
0.5425459733835875
0.9163182116699206
0.6436553546116937
0.8362805263256963
0.9352712297717642
0.94286953068885
0.42027208948315864
0.02266770119038508
0.6517013874989118
0.6033424558797125
0.5449702199918396
0.2857658151290737
0.9584368609375978
0.5180008330170184
0.35335811726960986
0.6426986866623288
0.8901054247197865
0.37787134344349005
0.817182278766904
0.4329993326004876
0.7415387797736052
0.6096347396838657
0.9030351925672884
0.3771624909429703
0.3787081625901836
0.6638463791045395
0.07518220968786948
0.711183596388591
0.1888324995130658
0.7204192794540489
0.5631765274590762
0.8747698974090238
1.073602067969281
0.7315142171468593
0.5481556817547593
0.4296171994910176
0.5247688831041668
0.3336058226559604
0.7961357774216943
0.283250499298193
0.1805606656534986
0.11407878256364212
0.094447522870995
0.5974541936198052
0.9023555270569137
0.20466201513244958
0.3578759574352971
0.4537145535328131
0.9049951441429361
0.4865714009121901
0.8646177531700571
0.7439668802712767
0.677594659356888
0.2870199536437753
1.087464779560563
0.10747840347319815
0.9117487370644498
0.6478701292658764
0.4421069570184668
0.07481074411827801
0.010153860410208049
0.48000889821984727
0.45633150976276493
0.3442592631466891
0.5651387105729822
0.18475249255720505
0.2045928792943985
0.33950335306087975
0.7004261730290867
0.41809482303188983
0.44665154357028924
0.12064614270032248
1.0084672033845337
0.7563316072361526
0.0646820600280601
0.172229193874316
0.4231353218264793
0.5189501712278517
0.22885346342699725
0.5777526703702108
0.3905680912896259
0.9353390232441827
0.525662021829628
0.43856722200291487
0.7676429433053372
0.3659429024043923
0.06555340631016082
0.34695849385800803
0.5752457051143518
0.7843891800717187
0.33652058655937467
0.3133569527727942
0.7451133905487715
0.9919514753062255
0.1969126069875181
0.21264517286974316
0.40097439484216324
0.554892221611908
0.9073384316319416
0.5108232986119791
0.7700078649204625
0.9267473995505882
0.8675557119299823
0.7140531608564796
0.25443580386547215
0.5894679404372682
0.9946414027244711
0.11512873259013745
0.5564562006824979
0.02960313720716712
0.321820951220122
0.8926249213547003
0.998398771136184
0.1989606815924862
0.8670583730661455
-0.026160769321778243
0.5959056876683136
0.2067101128293768
0.05506027600566882
0.2996871438229779
0.6090085891708084
0.6664653132125103
0.19284027611526616
0.5564631407470021
-0.03267599985558062
0.9284179136043582
0.4296860017752009
0.5024100488757317
0.7813710525765282
0.831221645957071
0.6523204349024846
0.6268989958190112
0.5035471636825783
0.643882869954004
0.9132304396784228
0.4144429228379508
0.6016039085390136
0.18098485333058967
0.8050746278539358
0.5330317150527647
0.7621828560432965
0.9897286773468225
0.646806530903786
0.4211971075731076
0.525545432637106
0.9911017520677433
0.7430590521084389
0.5310260777652094
0.12590467205883143
0.47834100889923536
0.5092928033737455
0.9925352247461595
0.5140413199734535
0.4127259018207411
0.5880726887820402
0.32874246069272584
0.09524682749735747
0.8798235027636271
0.29886051458572305
0.8737659289421416
0.1656711365534913
0.09558283679960466
0.9604739650902704
0.7908227593558397
0.9612389734926386
0.9614538385180483
0.33551014213372476
0.26211283837171906
0.4558956857506653
0.10902997177310869
0.8532580690683723
0.026674121464202605
0.03349861978916746
0.18903657346734498
0.49358651692839983
0.8792404531302342
0.7939565082452376
0.03244664892774929
0.8841407714640835
0.9659279346783889
0.5236762217637853
0.4960280230936304
1.0123887900108064
0.06874353528436317
0.9011223338642094
0.24858302231012153
1.086535728040603
0.24877648288971588
0.11299649449321525
0.8354939136314768
0.6699622390441926
0.2975060860590828
0.8116682306216245
0.26720004586595425
0.9556563654532106
0.6262605672203415
0.27494825050487126
0.9641799637922432
0.5660416888429441
0.6898362230357132
0.5837268570021759
0.7152741197533259
0.2855343781865166
0.6971450094885662
0.024099652400433658
0.9955166982933147
0.40106200224893995
0.5564763841366186
0.16014020685155628
0.935173205411631
0.3120439036444901
0.5049898818730724
0.8664152280018826
0.05508120616231549
0.47960013840584903
0.4650425380196582
0.7594958444708363
0.38221025501767614
0.7456663846981941
0.1886146429475376
0.3493020141651598
0.7017033528487698
0.638623603815183
1.0753758798278896
0.07548733240499705
0.26298034112737834
0.7964934709586488
0.00983016265794806
0.3028417231549938
0.09157090432815962
0.21697362755703153
0.7743147314646117
0.48876066285377895
0.10588766741057176
0.6398515605254963
0.8956209752904877
0.791165092142219
0.896392038140603
0.1623771455195276
1.030533134249142
0.5866800664884343
0.20526895803610568
0.0700625682969838
0.0822409720386235
0.576118538179902
0.8566414304392068
0.2966307189074843
0.8636197964035823
0.36629644931621097
0.17002755463282526
0.9942039294945315
0.4282652515701638
0.07980119960736998
0.3480895112810397
0.2893724978069362
0.525327722400605
0.06099897967153156
0.7416254023793535
0.48379891552322074
0.48020404821467444
0.5101906323693544
0.5998869008489819
0.9585496617860508
0.018309768566829532
0.12352865468680904
0.4765197784058765
0.6983021331669845
0.931558247359502
0.36781852908697177
0.8157568733788825
0.45643564648391066
0.8863737035707688
0.019711435193317972
0.33363659368010523
0.8118279484605024
0.7087177599658717
0.9519715489896667
0.9592622369897227
0.5193175853297629
0.6404071568457471
0.3804157885718061
0.29513541830157697
0.6705030724340291
0.7447192163519716
0.18490856942436476
0.6203587711740112
0.630242540454673
0.37956579345751107
0.5192332761185215
0.042108065769959624
0.9848579525998185
0.6059060175424519
0.2633172333299696
0.8783987215930535
0.9475232972402474
0.3359939611769117
0.8528105571902488
0.24326250753360146
0.6940188066458395
0.43489765359339905
0.6745031829289658
0.7099594991662197
0.2899881951265203
0.25292697933311603
0.734807942202919
0.8044382050219542
0.6188589940855992
0.1552745235336847
0.6919061722886692
0.2525035317832384
0.9217047922409861
0.6941384572646424
0.3420801632893259
0.7377935508334833
0.69325868075997
0.8035515921268938
0.30566155480881985
0.13606755633062873
0.12368728829758092
0.4822045311673516
0.9977939655869239
0.3721488273500715
0.4859035964662773
0.4059922300031169
0.04774885900820626
0.14472328058158343
0.08244751784362536
0.2883028420494739
0.6626169439131209
0.49449159352725147
0.07752195545333163
0.36548190405965153
0.8439348763923503
0.06368031825538634
0.6130193296063151
0.19619355362702362
0.6057085785315627
0.40857190771091456
0.7630898469195879
0.5007837115583343
0.6982648576259602
0.19554006399331386
0.5669488962028643
0.36928878012559163
0.2866162831076574
0.4603926693080744
0.45040770457965107
0.8005231052405373
0.4349495385666593
0.1925769403485268
0.9474244823536508
0.19971666356934248
0.2402724652974565
0.24669254406393515
0.8568081780846017
0.21165872312943287
0.8431128813563338
0.26423821694542193
0.27886559671309863
0.5682863587644981
0.6250346486733898
0.4119169047228124
0.48486554908339075
0.8778901792607072
0.9785815789483356
0.6027065942636092
0.9280383843036571
0.09425999419478115
0.12378967064356283
0.8071483271535717
0.6196815398064344
0.8826297560936199
0.13346469299913355
0.5114848306824754
0.7823322178331872
0.503838306620356
0.30782983279809084
0.4950224890633639
0.5266682662126666
0.35318177095455927
0.3663652046660949
0.4235511861126512
0.5073276016689073
0.49626548860651765
0.8356620220212774
0.17638482554065127
0.5604812743556296
0.8982107991246828
0.494227500982238
0.8100323599605983
0.5231535886491171
0.7364603565555968
0.6946302544661918
0.6215032859496704
0.9025302043352809
0.2481408237821645
0.17595668883699578
0.6292803636670836
0.5374816481268845
0.853079266709628
0.7705175621964568
0.34496728274060473
0.9092254829983305
0.781326698050529
0.7256613901273122
0.6558692544130938
0.13463621025728056
0.5709177600373735
0.677025218804692
0.168891241194008
0.681078738363321
0.6424644251693667
0.3903058163602505
0.5334989832842724
0.029285955323302783
0.3954825097471882
0.11777163355737352
0.60604871273301
0.7866147048719498
0.7070124180244234
0.25855740153960116
0.5151817931637
0.23257734082250542
0.20615827347982507
0.2408817370473474
0.9399226282893605
0.9358243199629475
0.6256785153437466
0.5738824351837103
0.6980822589012775
0.1758130324293925
0.5482067973033575
0.9262777740660002
0.11399417777562415
0.07795156936338754
0.016454490421559886
0.32441345226335916
0.5981572964399421
0.6754310005280146
0.7329011769478975
0.05316424564374249
0.22280223030188073
0.07453672171020354
0.7719424777866001
0.8465499220766841
0.020173757062130537
0.5669303709798252
0.4586888235368427
0.3146402272549814
0.1031612261711663
0.2953722158314661
0.42430520341054834
0.352447788791567
0.7509169144825142
0.9280294162605018
0.4788826754000073
0.1852014709589469
0.7169441685959982
0.7786863025200361
0.4715308757651273
0.5415545824017897
0.7547008069136871
0.5995221812901067
0.7532292450250423
0.766616159559806
0.38426908742928223
0.41909305329526814
0.4279550559926838
0.6387385178431786
0.5974539335330443
0.7126631714441173
0.14075320697348703
0.5248126660457818
0.2364688363652102
0.7473382050349872
0.57120246661807
0.9924214198527916
0.351307205613933
0.27199022147761653
0.09700692429562163
0.9479506932496854
0.7963298732381214
0.448231046484841
0.4703250118391894
0.7697380787739643
0.23647906345399236
0.06960334878989824
0.6296567201865509
0.2755100250061149
0.26687400357031343
0.6356906446094073
0.5828112865058469
0.9487561942020442
0.6452232289188655
0.17944473249481496
0.5264617136761476
0.19790018192143063
0.5802214429557961
0.6664522968021376
0.3865036380836572
0.6308157215151855
0.41925009854356854
0.14228722538064575
0.889851999984585
0.7630653002812666
0.9318623314248353
0.3467165502625845
0.16388970492346444
0.12095356589185824
0.352328895473787
0.49028297016100564
0.32013175849818987
0.4824439065236452
0.06376929328094605
0.8546743096388395
0.8277984796614032
0.845267373005969
0.7388886303791777
0.4804730836805895
0.05851455968308004
0.8877997033133457
0.9644210999281274
0.1444062176595572
0.30091351134528566
0.35381173725172976
0.056658119810457874
0.9963977962117485
0.7699536751326549
0.5819462279685131
0.2684701571466701
0.5607881873012857
0.3037244819838436
0.14557315886832378
0.22729688807597204
1.0039356204803787
0.06804814711146467
0.1359675249411112
0.5234810205477873
0.10438161533704349
0.4328677084939113
0.9290530613502038
0.12315502123397255
0.6019030822960056
0.5478480047467589
0.16287769125703905
0.47177771273219704
0.21952783819946597
0.9571486920831201
0.22861479440248034
0.4542399417105026
0.10109056003469141
0.3951592140497805
0.2250372397311291
0.2649809138615536
0.8028359624718967
0.03240892707659528
0.592064140038932
0.10401843708113911
0.46208024790363533
0.24676333204357315
0.4587173720288473
0.04697670714303215
0.08407416594022987
0.7783347756620506
0.1424285747892441
0.4285489047333378
0.1282921976897824
0.8805587739868058
0.6669674944395598
0.32985001276569226
0.06405880631692829
0.29166376532514143
0.1356640981461371
0.49442048865447275
0.24176958166611015
0.8690741227735712
0.47571658964292096
1.0424833509734062
0.8982942630020345
0.3354158057716783
0.09849173656215637
0.8564234357021296
0.59799571177416
0.8556997747704802
0.8998228447261806
0.732543488795737
0.6669628017512217
0.8050542587903019
0.042473944767720484
0.5576915888522522
0.49693645659599395
0.2849246010536045
0.16704146256657193
0.4456833455607849
0.20378975897970014
0.919422207155087
0.16291508101222563
0.8790553673077801
0.9816146729697917
0.3007980083289996
0.3975224646988281
0.786672196365414
0.5590281033936676
0.1383104634449561
0.43097252360534066
0.6827931622623783
0.16822231618482109
0.049454026123891714
0.923994446317543
0.2959722803114282
0.2175744903000354
0.3098489937640537
0.39543738347789426
0.67369360474013
0.6516173024817563
0.766623843644887
0.28779057561493193
0.42776941278337943
0.05589446220542771
0.8837983749453701
0.5739131875608284
0.7780942264421705
0.046824569403906
0.825298745574343
0.195873148280997
0.37255745922113337
0.22881785463181648
0.5302337746925416
0.4539529357527482
0.8474472295366593
0.8679663254584888
0.9439825356142478
0.9740130415207158
0.10408418037049516
0.9900997771264243
0.139800118486053
0.18936958638559642
0.20011269097676876
0.21622353537817857
0.5499053178904264
0.354685681031158
0.7314622464786406
0.48297050047984036
0.13658516877271998
0.6113780309018345
0.45891576237714005
0.9139737756918269
0.9808264678239551
0.39697509647133666
0.25617906925950074
0.15155413587844668
0.9379785333917955
0.8890349645772351
0.7174131871566679
0.7583349930527651
0.7194258632691516
0.9933384409201433
0.8724696186998089
0.8555291840432437
0.4958217044657619
0.27351354388163895
0.38834406564196533
0.9035403328279525
0.8870333919131542
0.4846570750556418
0.4353064610691857
0.5509702278734506
0.25435776212172756
0.6480165187242597
0.11693227631854203
0.45562726212698634
0.4106667214420692
0.2788151472507806
0.9167844863640277
0.844465768065488
0.7799254570912928
0.909246275754737
0.5745480243494835
0.05649657160523536
0.2468392844616899
0.08226975938967115
0.265097296260257
0.24096669062984433
0.2326246649080984
0.22482571743242885
0.10393971504262464
0.5295204804864858
0.2773764815714578
0.998722905155997
0.46366203895770985
0.3285859990157498
0.7218369575741355
0.424370824769176
0.1822681191609453
0.6453286839983257
0.7789274150540223
0.5723917366067056
0.7823302469520306
1.0544135441791367
0.11734295546829598
0.7146081463915294
0.9917316833015782
0.23042910387607551
-0.0034342604610270167
0.6173841384671303
0.37958418871132155
0.5900564536126717
0.8664367685014547
0.11468986431780237
0.7277149384611209
0.0913191824443722
0.2441737819808273
0.9335220132031885
-0.06225887551292923
0.04084830992486643
0.1601203903238515
0.5388097235685204
0.4637577146280918
0.3890554940240368
0.06560309732369451
0.8790145360957973
0.9170954055294089
0.6095774842345006
0.8631075566325351
0.17896608921947202
0.346539042743381
0.05075906652491091
0.20104874421492447
0.6846116436313014
0.21032366167248628
0.43402419038454165
0.4558542906705875
0.24073712635021094
0.22972936068435856
0.5255059569330159
0.05165185551795332
0.5667277444872487
0.36271059381318793
0.8525463984054372
0.9027990801561662
0.9912134704949804
0.662600969891646
0.942566226434616
0.108674737902826
0.8433800474334721
0.00634227696826517
0.28160473049990514
0.006804509401540315
0.9638597719909273
0.9240468830809144
0.7769394857270949
0.9615710937204361
0.1290603181719483
0.3366998458727378
0.6844761720538359
0.11419935129003944
0.0677591673520177
0.7143483673746631
0.3543444527484389
0.27754056165964325
0.7083764176291382
0.9088178347277
0.6667989224576888
0.4577044322018814
0.059018033915720025
0.9007566737681616
0.6135158293568705
0.007878658156101292
0.5525832196261874
0.9065612039517194
0.21350358243476442
0.6611783285717414
0.4150725363915682
0.05393123883491946
0.1841960164115703
0.16787158246684175
0.539207263954649
0.8385380857638902
0.6525744485638385
0.969572612653004
0.32053785034130056
0.29727123551901363
0.6408052926333538
0.4177138069335913
0.770237814680691
0.6680974583681424
0.4106358566370252
0.3071343446774921
0.5684624665508939
0.909473800630506
0.28013494867582156
0.5356564954721927
0.9232437565124973
0.5676833668244753
0.8033492768022967
0.9919444816582925
0.2557331798593304
0.047637530533861994
0.665919889085012
0.2128145364841654
0.8879683323019038
0.0931626372150468
0.8236539563044804
-0.04790105672716474
0.4903102718888456
0.7619341235613829
0.5285219930355827
0.9994836428621507
0.07807111749041007
0.2956828763894458
0.7191594431923971
0.5192785820206117
0.5564240055048306
0.508751293844153
0.7465885695699214
0.0770769186465825
0.45670486509977454
1.0358005578299008
0.09541490774844674
0.1906356564447882
0.0478716095874091
0.6812897553005292
0.6966958947313971
0.039664295334175065
0.017588157907426294
0.0268208329438739
0.4370222973549269
0.3603069465353316
0.13001497685341437
0.08058801868298449
0.24182265486147148
0.8740346426051664
0.1589440221149681
0.5794144348575048
0.7377447750782806
0.7845199579979154
0.8606760006065974
0.5344497903478094
0.3130371212852828
0.3010036944788387
0.13646019997875403
0.9398056359963083
0.4607726763338479
0.4333366652377686
0.4892802050173308
0.9571683607009107
0.12227421067406463
0.5033772731832092
0.6199117086298404
0.6498339612990419
0.542027911089121
0.22868814700355017
0.6560470185075066
0.43996618714948
0.29621027056254345
0.6334371627208718
0.13324445723655554
0.03356784525025558
0.5468498450370045
0.4701526983281237
0.7896914029026028
0.9744485822343237
0.9354245948911384
0.8558462872831304
0.947326182774221
0.4286623121577289
0.3277186846500556
0.9518014903415769
0.009034873893530193
0.30037592054464
0.9061675785970317
0.10658552668334231
0.9649401735371663
0.2905421970408367
0.788399959207137
0.5303218757098723
0.8002146194301248
0.5966623229204833
0.09962774126584878
0.26275073742343524
0.945186643507258
0.7793653302002786
0.5848928484549805
0.14202070620623908
0.01621884207450175
0.34060960033662085
0.6349768347825657
0.7863257867256578
0.06589527506778292
0.6977367275034727
0.6286418195826617
0.9263962891703011
0.8589053495343697
0.16977004741541463
0.9080654200064421
0.3189988884249455
0.2691139804751289
0.7155777475565882
0.19961773025109963
0.11363373523767109
0.7536591696241547
0.5384166340767095
0.11132951059151797
0.8337376805815899
0.008544811053921287
0.4363125832776793
0.37704418702203835
0.6380303741254648
0.2768455358711941
0.1829677906902365
0.4438829304035804
0.21482458293026285
0.6814517296042464
0.3633094450396984
0.5280454942141829
0.09395234128993601
0.5462147129188462
0.6168131328122053
0.7080416141022977
0.217989378200244
0.4277281989356774
0.07849485098208903
0.6174431655934768
0.18200823139914757
0.8082801959125562
0.29846250727030016
0.18174894777846995
0.8217832388545625
0.8353937630176622
0.46463467619718113
0.1701899485003674
0.38315939226677054
0.6305257092669418
0.10013859617239318
0.3216645321983467
0.45819127592348174
0.8335633378569187
0.6928380179350364
0.8455360179006309
0.7467922249354458
0.3859129827443199
0.8643340799923054
0.6919752767658659
0.15378293914233335
0.9570714577457781
0.06131623522910867
0.8133272451551131
0.17101423473909838
0.6083494370106098
0.8202407547204269
0.13838457932130677
0.1265075585348543
0.24117468542969733
0.3098651607844237
0.5449986786954902
0.9105744374436774
0.6164097417187085
0.04654512220606166
0.3479125030351501
0.7967855290363052
0.46626359713450444
0.7666037513634973
0.5696149372133827
0.8968562564328987
0.5001855252571075
0.5227513087582742
0.8413288873191779
0.9141839955409441
0.40970801479104735
0.8758246083380993
0.03180123854193828
0.5593875015029371
0.6192052461655405
0.01535672512498043
0.3751992395848964
0.21145330648995536
0.2649821366865286
0.6290817523158765
0.9277595966326441
0.6805547478836325
0.3826296653459671
0.46604047803600945
0.7592776140377234
0.5169527272628542
-0.00487680458510982
0.6103009697545858
0.6980049601751912
0.647897773899077
0.5132527967962331
0.03523640614549817
0.9543306177218656
0.7763688678542989
0.839940002981753
0.5572660176512387
0.7815428935277804
0.4715440549841581
0.6260169123410304
0.10415167916845725
0.45678235889641383
0.5324213443609365
0.5099964093342194
0.7017909015005115
0.6340356399749053
0.38538169131216493
0.28119800618206503
0.9621449494149004
0.3120232660719105
0.4807743390792052
0.35519815890456086
0.4620458654048991
0.15272250354913564
0.16747649529807385
1.0036554306743082
0.6090345252895982
0.2656907779983285
0.9998279891519648
0.5182580884378283
0.7917399032982911
0.4692693808291861
0.6835995895241136
0.2695129316330545
0.9368619726829478
0.12604644510819205
0.26048657669506947
0.6322403458774674
0.7352871877481294
0.13516872677907404
0.8320334006266095
0.6355777304172078
0.8351887750201943
0.19938978045326866
0.6084276873677459
0.41668340903743273
0.1937113839860859
0.055517028601897445
0.11039478476440223
0.937743292171266
0.19263372671142787
0.3364744855457533
0.09455430944862608
0.4757608509090847
0.4190318796425943
0.8602274840021402
0.31941998228435786
0.460096639996206
0.3921531729123372
0.16058127490924046
0.8343931630129489
0.33621387056799945
0.08192486986930936
0.054353707484513514
0.12197402454847334
0.3847639985136774
0.3925063642896602
0.9058627722884542
0.17814923259633686
0.07654437274288617
0.26996730599836427
0.5002261941538165
0.3605178914753291
0.3519407967500684
0.21910006886091404
0.7293516236908205
0.571874127667749
0.9583675716321292
0.4373834270807354
0.507144179573889
0.18786592829916737
0.3064712070337404
0.034639319431066795
0.7095839019804219
0.5263461106186302
0.8795786864668107
0.7782783658413732
0.5036579435079329
0.7459153170438952
0.9627321981233432
0.9296150259560857
0.9511826325881495
0.5907966803820532
0.2382491266499679
0.8427273501208821
0.7102890833134463
0.6773260903312328
0.7428218073491406
0.31071545617076135
0.007374443731124124
0.4448292342130288
0.6323187475123975
0.2328438745493756
0.2164811203083811
-0.05561634598463684
0.8495603408938668
0.37597899994693107
0.9741004013261959
0.022688575766153397
0.7080634450802477
0.058393628920736865
0.376430394286544
0.8333446025182221
0.8308582496367918
0.18124936864646204
0.36945986915136175
0.6516079907350533
0.8222946192180968
0.9356935818380792
0.5233727807013807
0.9967884533936088
0.9377391191601678
0.27466033414758073
0.595293708027909
0.9405559909881844
0.37428065851381176
0.40750842076717303
0.27299141453550424
0.5771253662017933
0.31948050643207937
0.47001665751622146
0.8407747334037049
0.48749671957420204
0.5710784815878942
0.7056833497504077
0.5801211028675269
0.7117707832428887
0.04227190150700966
0.4339084398541696
0.47849816254563804
0.46506813437540584
0.14434509764389414
0.1120553935752933
0.6544971826685404
0.7291876233152617
0.12163172350928486
0.111402851871792
0.47094375080832274
0.7242505514627117
0.878336200163408
0.3004067365600631
0.7606220199866515
0.7643420170226431
0.4469990138800209
0.8224382795817167
0.1975677408888996
0.4039481249088877
0.8897734774723156
0.40017313155168066
0.4058995058365087
0.9159545046444498
0.9734298513971159
0.48085178347417257
0.12152896411586644
0.47035774580716183
0.5956778990414875
0.7384801612736159
0.7764508817292076
0.42275524660947383
0.30775854808042413
0.7472372090718444
0.7406556357241567
0.9505025936685363
0.03879704298546727
0.009684055626891515
0.41952314768320054
0.6729939167182922
0.303453367940534
0.8454097885042815
0.545309239693827
0.5879683027970635
0.22131077880576755
0.72535462963972
0.9682174639484129
0.5374445668746134
0.6193118720281271
0.17294910261083862
0.8991669160791387
0.9815179369113449
0.762654937208584
0.7249913336728254
0.1905319000854634
0.08362659028982922
0.7811599724889184
0.8592973330566382
0.46202079746407654
0.8201725077523595
0.7397246176975405
0.7392837095180433
0.9272246753126061
0.23637006401231242
0.3462052573684462
0.3890245250415103
0.4379246598801949
0.8725942455241035
0.7341696645990435
0.22205376967186463
0.8420082235900601
0.5768073007387385
0.531139260795197
0.43422475501659846
0.3535536971419605
0.6566906835300036
0.3719388458646692
0.27744780776197897
0.12419519508454682
0.867915515194775
0.7952987948261556
0.5441810383778043
0.35722413630353045
0.9309994724095796
0.9007808161198826
0.5787299944318408
0.6738072415054034
0.5472816008048261
0.7168183263441706
0.6347511894580425
0.3943181814628826
0.4312343097428063
0.5169936084457997
0.762234785868038
0.9686133910382603
0.13324707079684883
0.635224149470354
0.37164236120966
0.7289841458443277
0.5580126992267662
0.6981726535660091
1.0364461407582524
0.5523151359424903
0.2660463579464847
0.6517063048581109
0.20161970293188336
0.41043608260963715
0.8058453284495597
0.4577907683110872
0.5837553685994468
0.46265357907953547
0.5463297388079831
0.7391390782521765
0.010287155015444305
0.6784592722838889
0.2283381885101909
0.42608905844889533
0.13355191863435667
0.44718606980684295
0.8381142659159442
0.3992391922954845
0.8745086535144556
0.18679133047401342
0.5239664253639401
0.3208413476867824
0.9460422289803461
0.12133619214157954
0.1975507951327844
0.4120137418690826
0.24950843937072575
0.9866254019138261
0.3625740892966648
0.9170131627498971
0.43511067269360704
0.6944088690535094
0.5936931887538637
0.5529391521390201
0.7574817939697771
0.5902162345688861
0.4923563342795765
0.7899189839805826
0.5145873958724229
0.04355133587731963
0.5139952599239749
0.49588606856722683
0.06998134849632798
0.39857278211577213
0.42087804302889753
0.3670345230459886
0.7016078230989438
0.8022328027997462
0.37395028971344124
0.7540876305130549
0.2947588006917936
0.04053697208270446
0.7855931549196822
0.05185132228605984
0.20245951029069031
0.7179398201212635
0.21337833845808818
0.8540229104898233
0.5200302277199076
0.811559729676473
0.718299798233449
0.6073098558649693
0.6962439748042213
0.20156926038014922
0.5752970446291243
0.21201586842234355
0.7266393454561288
0.010443975221958057
0.2122702182598184
0.5571423650485945
0.8256060187667758
0.5357259909876982
0.751405814699748
0.7339878642894311
0.9523201447399867
0.7564762733814165
0.9523029148946406
0.38998233274411165
0.111012951034692
0.3211065087893692
0.5218955116646584
0.3412649381992661
0.9948068415095148
0.6605322947504232
0.7430398474988287
0.1260905514825308
0.15476117423402624
0.6312192757688679
0.08426421627833103
0.5096149885943635
0.24985549865840995
0.7186704990107997
0.935229518307
0.17800699007241183
0.4514978798316176
0.13967911669419408
0.6121923542974725
0.4654673205782026
0.6797347334998736
0.2652117534744602
0.5176742098198401
0.21332484189410253
0.08753845370414212
0.1752048884844607
0.40463056669719744
0.30188905162856683
0.6059017650619836
0.26171478625463784
0.23523500200638592
0.9388823654751545
0.1844709733465048
0.7976241339116683
0.38469972774253736
0.9194356472345596
0.49157312693771493
0.32151471369904977
0.37785840636027757
0.40683874336300807
0.32621952060866766
0.7232893776244163
0.10210853262249928
0.9588548931762784
0.3874884069374557
0.843339150268255
0.6410922286617683
0.4422884874006584
0.6797654288721154
0.2168139815944511
0.22871847268088952
0.3826845625978672
0.8391682305157224
0.3041981960806096
0.670298268724763
0.9827584908916255
0.7007561381199416
0.7882888671220327
0.19441592319842493
0.033694816418920914
0.7646980203005168
0.5578934907762211
0.170253384505725
0.561631091249337
0.3997062462019132
0.7760947169455004
0.6528336880401663
0.7701790308498906
0.4625958316229217
0.9916412539885493
0.0134303391954953
0.7619065779718829
0.6448247157924079
0.2237174227764372
0.8578309292615687
0.8435579336141109
0.21167342778401477
0.40634537617720645
0.917466651485815
0.07815088739759035
0.6595955684286444
0.061381225650591564
0.49283203610218373
0.3382411930842366
0.3868481375433862
0.09823001388970154
0.6680577594011083
0.2257782697055336
0.5991414237796315
0.9867637831643244
0.0178108104427791
0.7340055518551695
0.29278100854736766
0.9909071203113665
0.9188507297965629
0.4969858205268225
0.30345154954105336
0.3388299874955516
0.28561522593156796
0.4645171430565846
0.7221881288541271
0.9740102175961971
0.005642597403726635
0.9031107811955498
0.8534891607566394
0.11344777944294027
0.05841455065166173
0.8491843234099675
0.23393025705659698
0.9430120858994753
0.38432392168578144
0.34702291925922524
0.22016978527741793
0.0442118583219835
0.4153354154243128
0.8943345746716849
0.4148298258017704
0.45416206327051045
0.5742542630269316
0.7204060648861834
0.47549141051250465
0.11349918463364206
0.7353686403572435
0.8377276830221202
0.7790496377902049
0.5701063505551782
0.7359763207509249
0.5114785986867523
0.837875814204931
0.70195171372928
0.21125256979783047
0.18553866150882348
0.034011639713613095
-0.054579333430611485
0.2621743019972821
0.7326655709991513
0.8462310341451194
0.22019926515973343
0.7666852276695182
0.4073096952712637
0.8317186688156705
0.23578994219570115
0.010783599226380947
0.04226850850337671
0.242278566245964
0.29150714240042314
0.8227418988937432
0.37050759554131163
0.30440005615405485
0.7202570503183183
-0.016558965411841833
0.8286205091472516
0.873172791442052
0.37692784742331087
0.13214008766718202
0.25744446911779484
0.4586735881618514
0.1645868753767703
0.10819614962187041
0.9863303873436337
0.752872838746441
0.5498077135500362
0.031378308194859095
0.4991071451401443
0.17131884130515826
0.0930121763850833
0.9153482292237697
0.9168617649671481
0.7236729275367579
0.5372425648705048
0.8339176275252975
0.91172009921876
0.18037954930485678
0.774251065355157
0.38289233498972813
0.7145119392136745
0.34056437821769897
0.4624440439645199
0.13066368961465424
0.7709030238106787
0.7052935435428066
0.07521689651423816
0.18744485955228543
0.7563372148983266
0.4009700839013719
0.7813645485971933
0.7620090534166817
0.897373153149867
0.9242329755491927
0.9494784863886635
0.10014029742643127
0.2543650854762448
0.840227579953556
0.6050981149591051
0.1946909898198076
0.18877590477259665
0.06632561552864946
0.661812014137729
0.3251330339169696
0.5090496014995434
-0.048950427687475886
0.7967217803891703
0.7388242812030825
0.39932145742891423
0.6617892577795562
0.9306749967069601
0.2617552311666692
0.12684631671810576
0.20816626811001038
0.79121268254135
0.08053727262368415
0.696876524131508
0.29102797314797035
0.9601883311709339
0.571353914185451
0.077822742288426
0.32303648424686005
0.8889892662589121
0.39096298841853827
0.35488262576724294
0.23761861837930498
0.10223411153798845
0.9676352344827084
0.18692355428183005
0.17978583820734262
0.4280505224449618
0.356516680122303
0.2909499579348635
0.69918628664179
0.5864928142661516
0.8512418772155884
0.8440470813859176
0.6563135732854379
-0.03730873243965969
0.29105109928374906
0.06435331218057898
0.9562304969909956
0.8269615820125592
0.9923686288279698
0.9680888434591398
0.18036042595708324
0.9546914271800654
0.7030900688044366
0.172620365955606
0.4816527166234762
0.3809734339437323
0.2982022184625942
0.5101086901840954
0.3529346029739058
0.7246505010654242
0.7227823847117554
0.3272090394295819
0.813026091866723
0.7489189021264628
0.018055461562973996
0.09825308212000083
0.09038008499124295
0.07108399360768991
0.2609141819297214
0.6092489599663471
0.5491942997452
0.06367730556183393
-0.01612613597210595
0.13726147823558965
0.69337871370097
0.14918766021130236
0.9405670736680112
0.6545257835972507
0.13997465189956237
0.14241356197612876
0.12646670479410116
0.8146947376771505
0.37164522226454494
0.03102756023093256
0.6046453372286362
0.017611869255116597
0.28579623039228896
0.7708400651761447
0.1147895677032632
0.9374057908727963
0.8142931068405829
0.9920824727293096
0.7678633014883508
0.01600800044133799
0.36806334934339124
0.1604992788521752
0.8494288147703699
0.4950447714372387
0.3296563173420958
0.6284174144449927
0.23689600040311592
0.11351988375908062
0.8205563728690713
0.8980242646032977
0.7768936668892079
0.31877329669933896
0.6528839557091257
0.3504382360514837
0.42675008815629867
0.11843215396934892
0.46608035492149724
0.6421330136834232
1.059773618357303
0.34267140913886807
0.33918730782270545
0.8991534661461015
0.48372373481850606
0.008953519751441985
0.509610701561976
0.8463072651585508
0.6407545227492797
0.6855179488869401
0.7599229359576163
0.38658813382610857
0.6515179161779255
0.23524251323166312
0.5470146741602655
0.19913202628014304
0.06701914359880379
0.08810083575518457
0.5343258438034603
0.8645790087675534
0.9277414258161729
0.23829116801551709
0.1359095492334279
0.011017607432692866
0.7665057856573188
0.42753568059444147
0.8895263109376891
0.7696073582236082
0.26113911350807895
0.09582295331420432
0.6219058250578547
0.8050904181076673
0.5929912025002835
0.8627380271403452
0.6402566670650643
0.8413256370088581
0.8954839330708879
0.45536101235945403
0.2571291245955226
0.6177541308201082
0.6930569825404886
0.07037428035967878
0.7619828194611795
0.36243423223806803
0.1636651723053737
0.16462309975273393
0.40577977197993675
0.014453301631193183
0.18121566593091554
0.7044954827759007
0.5225666481698414
0.8175645075225255
0.7697610600286292
0.25939940750390467
0.44354776552523445
0.19975539555071165
0.9870033218095582
0.5791765713432627
0.29276612949739056
0.3188245738662905
0.7081265125473893
0.2089400446769093
0.19883521731080844
0.393130916315403
0.15751665844391138
0.6660118370678811
0.5954783440189315
0.39566375629397177
0.27912917180766916
0.6499152767583994
0.49194356385098537
0.07761456140859568
0.5677887734346874
-0.0047898363707368705
0.46663268272993397
1.0290003863263772
0.9939451107637843
0.806383894641356
0.04803744697028012
1.0261104246809527
0.18068669768316967
0.46186549893466144
0.6402399500555238
0.7627158636169417
0.6447349634557787
0.6104609094660327
0.23097454438399745
0.18602215587213383
0.7412639910226616
0.16813609674930596
0.22308906224608552
0.18797633336620523
-0.02548689782109813
0.07930587952061663
0.3292602416851724
0.061398414420068215
0.2859829914553659
0.6451193568182446
0.5336713714426456
0.45868978635333413
0.30157191333859173
0.3213089719519455
0.0237581003266224
0.5137115884206416
0.40200971230544125
0.4993764198013625
2.322297697924247E-4
0.1646135331037315
0.9048076709048083
0.5107242599232319
0.3945005456566014
0.8394924145356193
0.28480031404531136
0.8865326408638827
0.3379044047995467
0.6329426980561963
0.007403449498078252
0.501035739426185
0.6504988932076555
0.6736616559189924
0.4263746095221641
0.9231451613913217
0.7115555650669445
0.04131818916837371
0.8978013399891
1.0195867102181324
0.12058154159864937
0.5127207860161219
0.7466483873281178
0.11069843163718152
0.594052922251224
0.6378669702199207
0.8730192184139459
0.37701057119268244
0.09975012871474809
0.30327276701809947
0.343630315330112
0.22514325222802756
0.9595314809533863
0.9871620856196598
0.5518605511685887
0.7711095141969252
0.07320268768825036
0.5511711766543518
0.1786216951082238
0.6819169375764342
0.29160448845777964
0.11089667198664255
0.5672449508616013
0.7847917409230606
0.7397232076468376
0.26019865081575544
0.43876844111378455
0.49107121464265857
0.8761315835018711
0.5710755142413332
0.1701164389964797
0.9036825566718113
0.7947371279390455
0.4775162485776391
0.7316277012269348
0.03319827609076331
0.727214791646134
0.7599107132638868
0.03580278369041012
0.8964283612249468
0.18679685676097268
0.26788459362918093
0.22723217220500258
0.6291343000616254
0.052443943120328684
0.28583869359005887
0.28116975446856163
0.3317516491120859
0.3088534134071277
0.08931337022578123
0.6198651976530012
0.6777008938683166
0.039223492720408815
0.7418752300196267
0.18599387391768418
0.07766867817627565
0.7655084860383748
0.7927952041633243
0.29250562912717737
0.7140986463010683
0.6253900893750108
0.2196737547996428
0.9220213508472832
0.620483006129871
0.4908744089291269
0.7944493969655622
0.06613982329896473
0.12164764739623612
0.9182324600187809
0.19446876315585193
0.6489520823943989
0.3740745495610658
0.003701957360345176
0.6130485234994404
0.05793505545767985
0.4494078381496218
0.3009268046378236
0.0255720394162489
0.8407607129839613
0.3896401726069211
0.8661826756450084
0.3346330924029681
0.3009455779577437
0.99600791474081
0.8460836805185097
0.7186782843608006
0.019242175129108308
0.12604223346654164
0.7054260513503908
0.5784561595289848
0.5645634375835102
0.976336739666581
0.6795239570944226
0.35539533725872186
0.31859424360421795
0.19092132693824482
0.0658567239907325
0.08532815833155072
0.004620161027372838
0.7117612009654869
0.8269795019514437
0.01437801553969964
0.6918700326882862
0.2967682438843171
0.8034221051694949
0.06196998972520407
0.5220454959079103
0.7865136449573144
0.26099294174403287
0.8519423175618488
0.06975242759584459
0.25383934425011523
0.5972093629326124
0.7512063041451965
0.9589896517998695
0.026135636755888814
0.04064813990346778
0.14768385598271438
0.9080409859050572
0.4248881423515867
0.4491181304795366
0.6302268224223618
0.5113150275370728
0.830105177771919
0.3968047860403895
0.3409838152901946
0.3345357183388483
0.6876294488769301
0.3994822482699679
0.8330826273879987
0.953589502633589
0.9048698538613165
0.26042834498987866
0.3280094477014749
0.1032508603638308
0.466604971448876
0.9052934275370985
0.23934757502390147
0.784908232899633
0.4566217755926131
0.17965202361321975
0.8211193887089535
0.5814981419406666
0.05279817483733851
0.6846967864682681
0.094639515181415
0.7361879430597975
0.06557497756106156
0.16677389059752767
0.5263869665327153
0.020502121972074017
0.08594613889227021
0.5643062710920579
0.03752227735227742
0.19230769929323505
0.13734254850502126
0.9159845974294687
0.5705767971043915
0.672258130168153
0.7021358952792558
0.5636611332524433
0.2002969302163407
0.8193501254702374
0.059083167465993625
0.45230269492238817
0.22304801605379143
0.8938154082762385
0.8345097497671049
0.3967117660424214
0.30516191900878586
0.5387577576651921
0.0619545628508584
0.13665485950346334
0.039191278399498874
0.10376820078917803
0.03306521415872177
0.9571335775330077
0.7832895717529214
0.7901460529278564
0.16840024565444223
0.6683796868596324
0.4709388617916813
0.7433996560749538
0.8804591969125111
0.35633997193272426
0.0018360473692569101
0.45219788651445425
0.7772642504449843
0.9967723622737278
0.47019150357681605
0.8478461263440662
0.5241725258409428
0.292142094598157
0.27010708469538824
0.4842937641637879
0.5568830036356783
0.17471610221429923
-0.009456123769108815
0.12031161040359595
0.9030121820459756
0.5680916054797168
0.8384648974098463
0.3005699945253085
0.8543926147155961
0.9423163648797842
0.6463679449406816
0.13353043727384473
0.36656315351727614
0.48346016542938797
0.16962194977837441
0.15423646497016108
0.1671069453677182
0.6534536170586154
0.6662096458740908
0.8237714795017659
1.038503057727156
0.8843654271434096
0.5071165040245035
0.5928026098378666
0.545776459042935
0.7069534989566939
0.9850435206350177
0.7812902642745315
0.34626554061361325
0.7002388844923811
0.8325865588094895
0.07802311252275373
0.48864028712314733
0.2670162023654383
0.35500493684256607
0.09113486242354862
0.6101400710874997
0.38962762456017974
0.9719703903505499
0.9599137473957641
0.3686502624545377
0.07389517299936105
0.8249667248398985
0.7282122288960745
0.3367009665816798
0.417795318750246
0.5739652946806089
0.8479498621814567
0.3187792178054998
0.4259097721444002
0.12674848183598833
0.7605209120376486
0.7608543559874473
0.004622924275201279
-0.03873528144198446
0.8945160444532694
0.3048902753421294
0.1928878851770496
0.22484590303151447
0.8644566338991356
0.784866450675786
0.2545569763380936
0.9956094212161549
0.13277920718716507
0.415266863190153
0.3867612092157743
0.9698879327979645
0.9060967557691448
0.22112212808401877
0.8489863413688589
0.7718345737911562
0.5891542728644158
0.7707475539891374
0.6245549186615598
0.3156927741483363
0.5923700789915582
0.5812040476274167
0.1265673629170861
0.7633072651083419
0.23724687989693138
0.9286908698067059
0.2738334685207968
0.9193623128203379
0.4460181666322838
0.7910243978670173
0.9143624060965758
0.2846854555642533
0.4315694156499663
0.29919803005347656
0.821957271020689
0.5159489565784222
0.6082542858776792
0.506464491847084
0.9927199998539602
0.6981040871446126
0.01761966606438492
0.3036181451981752
0.010696501383319124
0.09242486375083492
0.22302655160953577
0.6006379464897458
0.3308001123182208
0.8193281941305877
0.4295451481033813
0.619703634593932
0.5958714663431576
0.03429910017489357
0.4067910953675825
0.5244622250192482
0.37121775360790277
0.6475837503413118
0.6874821575513832
0.3047672453793394
0.6620548575395601
0.1258120154975365
0.05770201150775611
0.7368764998259426
0.9997144704523007
0.056240628210406846
0.463753704708286
0.21997593651747216
0.17746439138680611
0.9234770095347844
0.008123763206165702
0.45373682719084174
0.9930964034150251
0.4260934182822431
0.7157440902881782
0.4562385202023166
0.6640829579548924
0.8662398218226007
0.27437285227106023
0.6031612623176862
0.7294402157800861
0.3872798789019226
0.28894058564389574
0.4662789842135411
0.9822787338669854
0.04523135404264744
0.3174077779245274
0.5181206352865566
0.22697353508135
0.10303327702709254
0.21089296940238156
0.5209897624498946
0.5948061699119348
0.7225762167747996
0.26179317591175
0.9057916729021702
0.8280357920222987
0.2302060701863745
0.7279499451243072
0.2752209589944342
0.9619476643332406
0.10374243970183557
0.24813850348566258
0.27621260120496127
0.09452597110707961
0.1669897906395632
0.8814218720819603
0.4781617732086516
0.5299146608239613
0.3152681769544957
0.13380512737200922
0.566269316277954
0.7312434483024167
1.0421630898283625
0.08442035566571915
0.11347063039760119
0.19906062436853855
0.6680611441857933
0.29303532059031845
0.4287940544565537
0.5131708333576257
0.783158681778304
-0.021079308026901368
0.5390900368600667
0.2416981251952679
0.2380381887504427
0.3529665495859192
0.9611647236177567
0.08634255811334465
0.3285286055398425
-0.0033317494490406746
0.16516751326709414
0.11270562175015125
0.04062564922049369
0.6602054794774218
-0.18470022307924566
0.8202738555677143
0.05601959724470884
0.6243790371066901
0.2730247712918518
0.941900126271405
0.2899276558944327
0.15662162807982183
0.5849501315839046
0.3467386202432654
0.3504506534534142
0.3704870534917852
0.26341795361029074
0.42401232200649813
0.8808317189290977
0.8629774911718959
0.34197585932061375
0.46150049169431717
0.32299616033278233
0.2554068259805721
0.26176737305554676
0.7677742411294284
0.7487236552826847
0.15271144103636627
0.9696915446712876
0.7127594293049605
0.7902431906657982
0.8287529935968113
0.21164782663389123
0.0498585547360294
0.04716660305022065
0.8317363737180076
-0.004178315650044919
0.7992030610151769
0.7454064208367259
-0.04927208498793685
0.3788425874807613
0.7586412452197931
0.3278217814507165
0.1422414445652267
0.14310219003882957
0.6883981183680099
0.5736634691505778
0.03767736526503866
-0.06422615599582387
0.7354709057962566
0.12001906505662956
0.5163450149142697
0.07445019781457878
0.22718041165477565
0.19300705960859516
0.5209621070176561
-0.15854197235813985
0.5973824565178817
0.863065107833094
0.13834938820312875
0.26332893813876673
0.10144128341171657
0.13412608411553562
0.938309237619318
0.3201697502769967
-0.0022308231425147013
0.4442658223457403
0.4358088578733218
0.13687617432159738
1.0908608350144458
-0.0041288599520685615
0.5313619161847164
-0.037937899920991905
0.21732645119594718
0.09340077621224363
0.5860589509924405
0.6075565610777109
0.029171706413750997
0.6980991418883733
0.7298379984863113
0.5837178190761961
0.576429021446265
0.13045852609335135
0.9370701587174188
0.6902884175887177
0.4174954318914394
0.6193385566523733
0.6809038400172068
1.1835720932254978
0.8108165861958121
0.9909183340484159
-0.043420451982770385
0.5374347364327043
0.6277896613787006
0.3912508113972045
0.5269204322881842
0.7624602620739255
0.5488082667998087
0.7427897158054847
0.2857015881828263
0.28310081462815145
0.24481560303099092
0.7171528063370025
0.45139136206058034
0.729869673280401
0.1743374247666068
-0.05414220498547195
0.5933897705819637
0.9804007441602789
-0.1515878719655239
0.7913066145200308
0.24194283909828204
0.03472896122719285
0.5952262695468588
0.7257517623612401
0.7772852944472217
0.656810587385191
0.0878672712043336
0.39493757724042133
0.5425941941842627
0.3885246736035475
0.2393911511088397
-0.13609365999815481
0.2043316638995648
0.5855717962679542
0.3084310045502033
0.48914157866832425
0.951814097624647
0.35682242761066685
0.6565661130286649
1.0459086750093096
0.7999416886827629
0.5087284945113761
0.9938865279591924
0.7112431946759301
0.15633576873498703
0.790036458157857
0.011968656195702948
0.3762127995452749
-0.02979178333795044
0.9292974396249006
0.21090886146199253
0.47490250115951116
0.48989065904706364
0.8785511286507284
0.19069325969519924
0.155852270078354
0.874978851903999
0.9518028170398461
0.7460740860674803
0.4430551911121282
0.06999671689805056
0.4082052378322346
0.07394340403008863
0.11226650760114307
1.0354408346659132
0.7108556922222486
0.6066978906735467
0.832193214231892
0.24318988716275647
0.5631024217207918
0.9545205664020303
0.22525134187894247
0.41135168283256973
0.01581067658499162
0.3834253399625374
0.590821291652881
0.943345920932015
0.24939825516241923
0.5731026041197274
0.5619385903760208
0.025619907576119677
0.5704711328675015
0.3130069556965263
0.5595533908757485
0.1210608700400676
0.7014565866971831
0.6383197026675186
0.6648163807869013
0.7045333964978261
0.1785709252037021
0.23882297536545535
0.6102914685477728
0.39322610481129294
0.3249535574842288
0.7388364542029323
0.12630770929812102
0.724362107941029
0.06020608523321687
0.886570405061075
0.49198438588641924
0.7562531954871352
0.5304855972228609
0.4456883419204346
0.49368452528275075
0.9118199965540617
0.47608527792032973
0.26034458713894565
0.44012048997560876
0.6785543186995668
0.05705790325789935
0.3897716104967152
0.7064356864358116
0.6539920378854243
0.9092898218260028
0.8045184801298377
1.1115986295917972
0.08462215587214705
0.34790015072138225
0.24143242494914777
0.24468858691825301
0.4308814153241878
0.4904209168953213
0.7295636866783936
0.6508968679163809
0.3091146473498009
0.082619650289879
1.0134668468777221
0.6167679392880645
1.0981517869413042
0.3880450446181785
0.3305188727600956
0.5972188763195566
0.2345005838170478
0.40430105548349865
0.12316752278191583
0.21387695388791772
0.46287607252478147
0.653919234137501
0.21910798805337361
0.5225989793906233
0.865713092256536
0.41872583331350904
0.7842651271815039
0.350209225082869
0.7364015269282889
0.8584274030158096
0.7834710673111983
0.2596051667034347
0.1711137386684271
-0.034257217950325713
0.8052650846693241
0.33883876640797583
0.9689435402066947
0.34291008570863546
0.6224653509276232
0.4391667708745739
0.09680787647970229
0.45501094380657936
0.8003564648393413
0.2289404188894507
0.053749336097080505
0.6376568081114989
0.029587729743216107
-0.017329301651514584
-0.030634888526956505
0.26150742634462554
0.9096192258783835
0.13035497446930885
1.0798146996602147
0.11298071441324203
0.5484340848852103
0.61216953615546
0.12111369286949496
0.03679117468221753
0.482252003310483
0.6719455664507415
0.6042871609637598
0.3275116743129685
0.19625534707387082
0.3322175349096933
0.23325325387024515
0.3293303981062239
0.717877226021395
0.5470530041295092
0.05729766939979532
0.5351092327099907
-0.05558114942061679
0.4167423039606236
0.337424994962982
0.6506411096685206
0.4300576712245584
0.4993046441528949
0.3661149165910339
0.6487416678492477
0.4313306581618767
0.19686255118166712
0.2781587660170936
0.3313309884730262
0.7464589282135733
0.5948701957241649
-0.09583742506052775
0.4586836738669382
0.08383790963055265
0.4133185393667151
0.8534956470982259
0.07795001622202609
0.8364732162569175
0.27983448186631366
0.7275190042431603
0.995976908461698
0.2850367600051434
0.7018424622130621
0.19798606220932924
0.0958601269056068
0.5379541455172674
1.1182765318304082
0.17366551480420583
0.5960132319401759
0.9504826297005758
0.19529067526469102
0.4300096564335559
0.6776640297558814
-0.05278533492050541
1.0425426692922404
0.8768657354932083
0.9238869304167492
0.4851375937022535
0.5741144320367001
0.6654646386418556
0.1679765192080094
0.12593273922046005
0.20235687574358777
0.223766207743506
0.8209264765638943
0.4242653974633275
0.3508133000324023
0.2518326524247132
0.4139531589656288
0.9652866704699591
0.354420917392849
0.6709401080418665
0.9690126024076137
0.16640645935303186
0.11295983328857172
-0.08390455699688384
0.23022160372930528
0.30150371507511764
0.5602571042578935
0.5239086530214669
0.3195814877756674
0.1459300542039642
0.010134118160087191
0.4528999432799509
0.7691516770213082
0.5125696977471983
1.043713375092917
0.04801179408746131
0.5776391548835423
0.5791496529290997
0.914362766903456
0.23235132009900367
0.41771529096945625
0.22504358846704853
0.9488406725534585
0.713400635781237
0.7919865999401468
0.41553028706054246
1.033533437939233
0.8883180583970224
0.09858497650704456
0.47171571211909213
0.20541906138352942
0.15980834816361417
0.23735376558325616
0.4247011352323965
0.5939990245445756
0.5933667826600747
0.4686513670170551
0.8971195227284106
0.5044527780035957
0.8811685597241872
0.161121425630127
0.43903082246471714
0.6282367574097056
0.873018388562263
0.4123779707148832
0.3745413633287314
0.5274863919973042
0.9455235320296427
0.30689488287031164
0.383208161987388
0.8814294242522648
-0.06632162164112386
0.3117540543463555
0.5436729589574483
0.08369086558412141
0.9680451035839497
0.6571989923144371
-0.04299946024794102
0.8517616381765755
0.776548923023844
0.16557710678280585
0.13135701860147042
0.5998992551989873
-0.035785767944707315
0.02143764377020957
0.7695994633857297
0.1917652622815948
0.027084983947975955
0.7725475348819225
0.589965397863546
0.8686892161143775
0.6539206731607632
0.043751093181202655
0.37320158794193453
0.8558285543513379
0.3154563290604373
0.12700720607959493
0.38587022641182245
0.4678784432427167
1.0052715620543102
0.3585854598296053
0.13632450541697586
0.2912719126640271
0.9862999465886425
0.0554249007487253
0.13425317705545256
0.2723307109605413
0.5754424551273676
0.6608859437204385
0.40895954428447473
0.38976337987064646
0.637774238746697
0.5555240377695692
0.8633527256502452
0.741628419886794
0.7494780235020215
0.638377716811239
0.40160811921810546
0.10683188375725969
0.23041374973030251
0.16543066593965805
0.9872091609805139
0.9576189692190721
0.4456311990623424
0.2774091978841081
0.36081879454544646
0.1306176460135749
0.7202793242035109
0.7203385017188203
0.1671229604935818
-0.012842735060601095
0.9122165923931648
0.2572784813311181
0.3965742969616607
0.46653265050536824
0.8586064720577306
0.05361392542656865
0.3495535828758255
0.13758803630801972
0.21225013965297213
-0.029235511113278337
0.22924683583566227
0.6392393105976629
0.47268626087784515
-0.11303483125062784
0.8105206525597374
0.8639594934574333
0.36447656873120593
0.1869463447652808
0.9441543907988625
0.7695573775028828
0.329318609126192
0.6655506047740444
0.25951672267992987
0.5389978443746064
0.584506240305946
0.5660173215930173
0.5367193090989542
0.1500492704060216
0.4592146887050713
0.33403688748365656
0.4372179323208737
0.8778075467876049
0.3399060080286387
1.1003514212288559
0.6691105620820267
0.39184224805835405
0.972621229548279
0.002077687843532742
1.0222168709657067
-0.07572096935708386
0.18047174853717618
0.2674254450849719
0.06182127421023164
1.3236810055150101
0.7492195993272895
1.10798005337417
0.1544174637642176
0.6642358921555889
1.2578400856081735
0.41401002406299026
-0.13802071212077888
1.0264712582665054
0.6662291075632963
0.43011700646462037
0.8521316190476866
1.292875711950182
0.6769853351803214
0.4502906065885842
0.6625162268053286
0.19822614399093164
0.6648479931615788
0.6190355039284005
0.30059243368468275
0.4459763184535525
0.0699696565138688
0.7186918182142298
0.7422645732597829
0.7809866778701732
0.6904768938914008
0.45256834163409365
0.9971863145751927
-0.10830161522395311
0.4317958024169707
0.16785427921891052
0.9893556015237602
0.6409126706211558
-0.3306268125574054
0.6823692687098293
0.958505463076412
0.8879830429535701
1.0694469588192081
0.7160378489937509
0.28282208697519157
0.43052678648399656
0.5924482162787528
0.43393955071296575
0.04383984643192634
0.22790277846725382
1.0522417839210592
0.0823526720596465
0.5507434145873552
0.5772496915956753
-0.2042460865129649
-0.07450395804855149
0.6664109740664569
1.121386239545368
0.25000050086560943
0.15302229166579595
0.6594496020176502
-0.019474898255889675
0.46483105255172463
0.988460007303991
0.08794878853679353
0.6826628280589164
0.5223362003557968
0.46242869343751364
0.6333029648161406
1.0054553335881502
-0.13110171557787687
0.39342881844519884
0.9904476849869942
0.1838522379993337
1.6670158922245648
0.487438675546943
0.1681357760850028
0.4011057053511564
0.34813488979812235
-0.641385048949814
0.4497745395022471
0.7487713366094506
0.08565706213555105
0.20308101720320107
0.5915204222420047
0.9792489030145687
0.7160907087671365
0.8627834770866101
0.45008497821449245
0.6624890133369405
1.7495686826319095
0.8631691528824782
0.8508238448634688
1.0839777278048923
0.38313193983405924
0.45231289808489733
-0.1408174248814359
0.5482540829826136
-0.030284440957012507
-0.19206516856971506
0.5416248457401733
0.42348289015654034
0.5381998383984579
0.9651036014333347
1.3364677264802205
0.6148637987562395
0.2788647484395581
-0.23215131364527952
-0.5754428068550611
0.9074488544677803
0.5100920144551153
1.4714659204419507
2.2263415061768077
0.7144642106770408
0.15947679298238612
0.27069712968852117
0.35686076385720844
0.45302984147126035
0.44539200760677533
1.842053486843323
-0.6825618808868843
0.27207387851928033
-0.3402949317382658
-0.9402167116204959
