5
59
8
8
8
8
-0.5600692259385991
0.14730644925928416
-0.459607528430506
0.08707057837212559
-0.13509033435834367
0.8894851756457697
0.8325255114489516
-0.09657223834789797
-0.1382899255179601
-0.9673132181696529
0.8337092725408903
0.6139751938494163
-0.22443808020601316
0.7979805963397535
0.7883416763042513
-0.09305267773551643
-0.9545647647428301
-0.6268081375031392
0.9803679993250619
0.372620697111397
0.13515691156428875
-0.09539955333673822
-0.2429810948284098
0.5477085855486342
0.046530826145355766
0.09871934404908252
0.9502328538821522
-0.4505920448792755
0.645041178107715
-0.06845215171402005
-0.5117597262254154
-0.8700809451057212
0.3221755740211583
-0.08584839836166828
0.18930351671473042
-0.9690131184164894
-0.3174726517067145
-0.2951012961230439
0.9373732781874182
0.3253480517677848
0.3957765900607857
-0.7823535815864495
-0.22904401231264626
-0.2571313543252771
-0.024121825621900357
0.7131939070146803
-0.5919423829366133
-0.7809570313704917
0.32933287857254756
0.9462064876927685
-0.6525263608761434
0.7221626205276118
0.8299057171553055
0.7607531867331738
-0.5122957717672746
0.4331353496564694
-0.5594666425255894
0.21147926091363625
0.42870616357324515
-0.15896926378877937
0.3292338563831887
0.08826193099859957
0.9809379915530131
-0.47147192387164016
-0.7129579128580812
0.9054907084955
-0.673176439609717
-0.5541176173122067
0.008473849120639452
0.1051737161627817
-0.8543411752133776
-0.8478772906798973
0.06117194032876048
-0.061702672594603325
0.9867620445515077
0.03906305986032077
0.45742136904015496
0.17502632121155495
0.8020900350671489
-0.5455903980467028
-0.259028683557315
0.7094491749410246
0.11320694415251716
-0.9505451285208298
-0.6952467804020163
-0.5487416254522417
0.9141561422286779
-0.1054173444420397
-0.7674413291698381
-0.8782697146171066
-0.12166945819654103
0.9832420904085559
0.8656050582934129
0.2910338763106754
0.31263302200184884
-0.9867277835357409
-0.6452058351111354
0.7712657094045179
-0.617660090779169
0.7861228226875667
0.26897229531989075
-0.7288376357350639
-0.07069084782586743
0.5221513860180085
0.3521488485927655
-0.2482424071028071
-0.3256107361918774
-0.10805117646423357
0.011756435716553453
-0.7234397903443756
-0.7355156122760385
0.9853001444964067
0.6993379186975122
0.6799045767070069
-0.0456387786885315
0.14580421582362485
0.8449608446343774
-0.2484370517335261
-0.3624417052113271
0.6692615923967546
0.7216546525132683
-0.6348599411295877
0.7585554377420797
-0.9266130601631815
0.17032856305541086
-0.5663688317129114
0.8051920799173059
-0.3320181955153285
0.9360608896687127
0.588682429531669
-0.6436874125885121
-0.58320742008535
0.35185006917060346
-0.17323677449730268
0.2879368586593462
0.07628519809626258
-0.42380677083339535
-0.3284529106336056
0.8011587817527814
-0.27204987247101003
-0.16398856304956722
0.7462464294786427
-0.5122303098542644
-0.8990161018869813
0.293840409291229
-0.8269683416214276
0.36181138893535353
-0.9191135878928938
-0.31008029971108986
0.9828265785959855
0.5357186972993055
-0.9002599989615389
-0.5894169277923926
0.32232527829468205
0.6042008450884196
0.10806958139750746
-0.028397615520563857
0.6481002509413989
0.972989067040128
0.09575845979056372
0.616664577236457
-0.40429769984331676
-0.4710810414753619
0.6683298506347377
-0.4123390338428524
-0.8455673992663972
-0.5329756647078691
0.22241790136458428
-0.24256288215065314
0.9753276435103142
-0.24660180727772127
0.9125963417238111
0.605362942497071
0.2685474812958863
0.4336476292771161
0.441429081851594
0.5048168105669809
-0.3267655423673349
0.6784517842259903
-0.7409805172469388
0.11624239419294025
-0.4976515862095674
-0.21559701804941644
-0.33018488593305145
0.266163733149874
0.31420865998301006
0.11539193866863706
-0.8718009978649726
-0.684168151543195
-0.027736692861425993
0.7944216671153124
0.14642028496366333
0.640409623519077
0.3720314881149339
0.5643872662157439
0.7396606705421521
0.1638297015851859
-0.8763979141802848
-0.765399387032131
0.01884790329914362
0.24140411255737496
-0.43106555541113867
-0.22234525858367593
-0.9213738447767981
0.1266820972802876
-0.4941256987326081
-0.3037085487335709
-0.11620842116893489
-0.26262976866401805
0.32692799221238755
-0.6084977136161326
0.9844673241312621
0.22626446661529492
0.7979860669845764
-0.6280753151722694
-0.9197971499292212
-0.48999080603109585
-0.963561972690743
0.5370728774786512
-0.1535138047255715
0.2453701185208791
-0.4947301877519651
0.21885506636569305
0.14706167074544707
0.6797051123971726
0.6086290442700053
-0.6811794757942673
-0.2777844706307733
-0.8511137945442778
0.4746010482423723
0.5521662737395329
-0.48642468126677163
-0.3240291580942962
0.8289745214373221
-0.26208889539861646
0.055592807049767434
-0.68600578462797
-0.5548512302019672
0.34331484391237904
0.04954877271100533
-0.8576037069340849
-0.11650830209578533
0.1550975066257206
0.3876368783316179
0.11778281377496856
-0.020184796436037652
0.0968098528001331
0.8545315914422102
0.8288345295464092
0.8471607508303755
-0.1463964638625936
0.8069891898313878
0.22832940524802992
-0.9325426645613313
0.287384381960492
0.5245450708021993
0.41499517411057146
-0.6832728605061771
0.8474663305262857
0.649096286345112
0.8498163149394619
-0.5399309713198837
0.8682052194823697
0.4163282923872977
0.5380064952128991
0.9480413619536876
0.382792598905499
0.18843985558615306
0.8202332964102441
0.2672410045820539
0.35649283938713183
-0.7325069067133628
-0.9398691754116161
0.24918897051362654
0.16175061525067624
0.9076034965396278
0.6282286768930323
0.847739049459064
0.9824762799915232
0.34707122435681714
0.21768477125521513
0.2749757946438106
-0.7228348870812293
-0.07950151964308623
0.9200721510349684
0.3518124307960634
0.7869692017833037
0.0510925967822039
0.2496584796201935
-0.4991251339904574
-0.795158007368055
-0.6037559137000534
-0.12618532016561887
-0.7389397736858367
-0.170582956164526
-0.37309916314157476
0.09798263779135974
0.7828598889979599
-0.885209095912358
-0.672782235867747
0.1552541765128812
-0.13613434183976802
0.3400937590033218
-0.09893765482823563
0.27480288857069624
-0.6151538384135564
-0.8766884005038159
-0.63277050669781
0.46637791900789716
-0.626673060314083
-0.6514956307429657
0.3331835317228485
-0.7994702701372158
0.06543887363719647
0.3474374200157133
-0.3026519983181844
-0.5087208452974759
-0.3848484936300233
0.36119798346235654
0.4869591846872936
0.7708036493924034
-0.5705588686154714
0.6147932253512614
0.8631373114207423
0.5089975354399194
-0.31450010738423595
-0.4795465135642343
0.798354657197033
0.07498189270637799
0.19510622698963354
-0.546014741665426
0.004745367575514026
-0.7944095490366091
0.621952799942099
0.02099811339915076
-0.5847189402965474
-0.2644583519602932
0.7977786073169026
0.6300611952894053
0.4588528301857908
-0.0035152228489121785
-0.21996277314864288
-0.7684459827096866
-0.9621663386367724
0.6057733276142104
-0.09589085672702646
0.39332640529162843
0.8017294590871801
0.5732941244912781
0.8094542067968382
-0.9711738018850642
-0.1762379687146639
0.6748940889164585
0.356869162283025
-0.9846262377793158
-0.25660497574544816
0.7226114438715183
-0.5046906927863857
-0.7926996736453598
0.9052895020862619
0.5027542130751133
0.8969224099389733
0.6404862096311552
-0.4504582089148643
0.30854464480093374
0.900615134335507
-0.892694747895733
-0.2754538325226496
0.45831186702129867
-0.5102098440265597
0.09850925034768641
-0.3255206527531766
-0.6148545335122348
-0.9451458742513259
0.40005242887584574
0.7607778377945065
0.8490493421846204
-0.6040948041883069
0.6674911350311773
0.22205627358740698
0.43184727917596333
-0.7920110377406406
-0.5847420707343192
-0.12570193410138608
-0.9099378914873358
0.679143642990037
0.4034258885172836
-0.25339485674673795
0.6132181297148409
-0.8294052140351518
0.5544238138750031
0.844586718195496
0.3305623722920091
-0.18309754543640328
0.04077866700858048
0.27996091544587853
0.9134778193956815
-0.9966345060178732
0.5319439281374738
-0.8187828977231638
0.3789460029546933
0.5382865118812097
-0.7887470386984083
0.9199378170666165
-0.6455285303796698
0.012401457070424452
-0.12082547236118278
0.9204052946990622
0.6476905461798377
-0.285214249285943
0.8527551820877939
-0.11515411687541346
-0.1005126056678594
-0.4110991179287063
0.3012602594297593
0.6223276085258309
0.524474045009642
0.7816710989354466
-0.6332119293778192
-0.5719851213645855
-0.7130635191386523
0.19754128438384527
-0.651810113056549
0.8992214113489609
0.42778892595446966
0.8991736312679129
-0.0935594231657108
0.4909898156440234
0.5547925744957777
-0.5640649340910787
0.41706008697741526
0.9601277290558083
-0.5116558821920142
-0.14675469449205772
0.8355792928236594
0.42012061083165053
0.34673823923075475
0.7375261028123036
-0.133952580167985
-0.4225544676129747
0.36361755124197165
-0.2882952921524574
0.11320975064270788
-0.2391820429584078
-0.3572721596929469
0.9736461892659026
0.7436999659198787
0.7399047653878273
0.2775077759140148
0.1184416771735568
0.4065662198129661
0.3428759304670766
0.43758341180365923
0.8496423078429722
-0.13525414034289773
0.4633143937702245
-0.9365434610094787
-0.47870960540940155
0.6975504683658482
-0.23504549433492178
0.5377167125218364
-0.12418980344548003
0.41800045277827763
0.1016121133415307
-0.7208877598872541
-0.12329709447526849
0.4187259553304831
-0.7283388802913034
0.24198072127447398
0.7598887985870615
0.2257307214244288
-0.41551098669256
-0.2096199555738915
0.4525951545934279
0.652383398081025
-0.4686679968176969
0.07694903210273231
-0.35648252583318213
0.6683734326748674
0.9304935845459379
0.22257226568833335
-0.9643011568619427
-0.549363474442162
-0.12935186755173417
0.2058106772307273
0.4929643800484879
-0.6059583302625949
0.40343268864579007
-0.015467827774058591
-0.7682395216027536
0.8708526664769465
0.8513690002258798
-0.0535434463403058
0.6562534718732037
0.5149217478327652
0.8123934953629411
-0.8509500226670249
-0.587559178981235
-0.051899622947109314
0.4219969660171973
0.5837787831170209
-0.5232886793359802
-0.4414484483750111
-0.9886967959801221
0.1798619022349029
0.37083764392751917
-0.2374635351378622
0.5790004433590942
-0.3944063564242758
0.8993439682039012
0.08326531386491097
-0.5494454281011703
-0.6669375777101032
0.9093237739424961
0.12720321389382477
0.39726637496893075
-0.2807154404024921
0.23657225948887597
-0.4443679087008393
-0.12994356898924542
0.9440176098393271
-0.7252402583513288
-0.7915791959505096
0.06615901557824941
0.19634910799722738
0.6217006336887368
0.5916125251862033
0.5620627901330525
0.8798936259178403
0.11719899119231268
0.360975646530253
0.16159585235865687
-0.7269905984898487
-0.8410463321845459
0.5664203009449563
0.36430390855290573
-0.5416616046151296
0.8054292650775463
0.3331982308474061
0.9771924069886359
-0.5038761978079762
-0.7973455079727663
0.48111491814642904
0.46333781968414195
0.48475448390238474
0.8881311915829334
0.31924455179221567
-0.8537895054970354
-0.09000910606284336
0.5878427047322382
0.21500911546487741
-0.394234350608733
0.5237807105252632
0.1665076201771118
-0.49177231022703577
0.2769851569219429
0.20687591635009758
-0.48139660007814167
-0.07048734600293324
0.334926717206895
-0.2215618086958239
-0.48547875271338226
0.45413745064532995
0.24375183229382644
-0.2914125998025405
0.6995673822928685
0.10008259880830994
0.07772643484167216
0.9556440196343122
0.24515105020161476
0.0041248607952058145
0.09620706648306253
-0.8091247010129922
0.722829106681048
-0.8166045484003094
0.695102467978186
-0.15485509023117136
-0.6394378583051847
-0.2776005175964156
0.4464717341865528
-0.8602702480511443
0.674003613774061
-0.5584177903167831
-0.25934400921064166
0.026347433526216282
0.2861562657198344
0.060154201574871696
0.07689903046475505
-0.06314966174857384
0.8303205327260368
-0.17509579658453733
-0.20758208408453835
0.4193494375484847
0.4681926684971805
0.3749405434806256
0.11128894618142285
0.659191213381429
-0.7239540741278018
-0.2794630481988583
0.5444066326921325
-0.29684376806125246
0.6660202829974078
0.6050093159478371
0.6844138458592892
0.21112621050670805
0.7738159574254845
-0.26655860333978315
0.45462831264441506
0.9343401254564605
-0.924861938909373
0.8268654666905934
0.34561573219950914
-0.9504498194686654
-0.9764972628598472
0.3499884881716382
0.022041767604233552
-0.9051209715723445
0.6609602874651074
-0.7354104584889553
-0.34282683939096287
0.4980395092353719
-0.6666404804893249
0.5984989459564894
0.4787818506841163
0.6766375238747552
-0.8711961830372508
-0.6282142788560501
0.30403255553172764
0.2165336504343219
-0.6541916112368813
0.5432948603538585
0.720538742531823
0.26579623055649076
0.8449340025943692
0.23641515067543012
0.7187826070632671
0.2644398377742777
-0.9180204550874284
-0.6809230902132906
-0.39954858363188456
0.6965249840438446
0.07685250011471957
-0.19547055775433342
-0.050324254711823294
0.9584702287921484
0.07053922762127525
0.45045110868820976
0.9305489502605091
0.5229143444241204
0.22750013890542037
0.10646545406928946
-0.4910332286550575
0.5760963199050707
0.9770283099899715
0.48786856113435384
-0.03281090581626023
0.4631478433370278
-0.7321750726223825
0.47020390682331126
-0.4302507349071121
0.8211327656578025
-0.7250428665339353
0.8151461863485686
-0.7322451630921245
0.4572785798424605
0.5486222567081566
0.43070351740579454
0.6417328581794837
0.7269975655357935
0.5840465241275227
0.44879572547066515
0.23302589419667208
0.8769580842285819
0.4535543940283406
0.856606891920747
0.07670133801112568
-0.07997586424950384
0.3142280181426456
0.11541722027884808
0.7613418529456449
0.025612856670527512
0.3297442419125858
0.8417308533095921
0.9769187684819193
0.36360705931555676
0.09628407569954882
0.4107643537118419
0.6028609219062796
0.9297512341004674
0.2879351767139435
0.04235541009625191
0.011431122581168707
0.5711543436468044
0.9616916727782774
0.44752087405861374
0.4330464959930925
