3
59
43
8
2.3768647958081948
0.6862541523358658
0.5886680719974009
2.64774149263181
2.013889111007055
-0.8810264763964688
0.5394388566403254
-0.9179191809108749
0.15293009375285416
2.0312017902995674
2.5620315530229325
0.3950266091310446
0.6831852063781247
0.8270694805423691
-0.13045707434327336
-0.7328304692065442
2.427139377149409
1.921521414252222
0.8613006533957166
-0.4849662733048279
0.22292013517567377
0.13762356838396883
0.2147110276262627
1.0853773443875132
0.40523959944028953
-0.0069629777706672336
1.4653950944625167
-0.3408656794395284
0.936173294829636
0.5918641386941197
0.3611515194799091
0.8999845644019264
2.355663992586603
-0.4403269107637724
-0.055749959249279835
-0.5494046223087516
0.0178806228346009
-0.8846154657000125
-0.575277349771651
2.5674158525830877
1.1825933923094836
1.755579409904882
1.3919254721308836
0.9842387766474257
0.058239520035664905
-0.541926079192504
-0.5238377311716806
-0.707221357138039
0.2797534136153337
0.8229782236576262
2.271715999401732
2.168229588276061
0.947030416403617
2.757734752225935
0.714354099461894
-0.7379583148625526
0.6597009758843315
0.8226908023002533
0.7956233530630308
-0.03816571458814133
1.0123646905321186
0.7627458908280871
0.39817834080923675
0.9704510752599989
1.3731143225548348
0.08429318542570341
-0.5473673806912154
0.16382980318093732
-0.2738542029101063
1.234315989269813
0.5420830017564067
0.23685762488215656
-0.11638177726571608
0.6299125562087722
2.620101125248458
2.697218222857201
-0.0018537005697776276
0.25948527695360646
0.7432834221818807
0.2766608969122586
0.16540113298175307
-0.9860033041066301
2.637842520605109
0.38782318150439954
0.18956139480066825
0.8610890980093839
0.0779903754812723
2.360290461163077
-0.7763346972720038
0.11009597415318484
0.461250772718238
0.7481163123470553
-0.38941397551624224
2.706008508813585
0.4103755350013627
1.076910783722117
-0.715368234474064
-0.7985997589612972
-0.9271925405517116
-0.23421972739928565
0.9810889277651651
1.864417011478973
0.3881132875617581
1.2299469867180646
-0.30409556598570875
0.8862497095801982
2.5633742095761183
2.8055052307182144
-0.4315490052957891
2.703425897936585
-0.4040121047793448
-0.7343598112469274
2.6385611971644924
0.7394883088731674
0.3599339309146108
-0.6395050590948681
0.4861873319896708
-0.20720475362916857
-0.2627348861135652
0.5056371840239349
-0.9940303372052748
0.7929070696780687
2.8912453262383435
1.8238045759350843
2.6090353153892556
-0.9343458319221534
0.48065539801302437
0.33877228386281977
-0.6243926121196774
0.5429180304490395
0.24859822370614193
0.8989473145363309
0.7480599407067117
-0.5815697364000847
1.6441523005054697
1.4064708089098918
-0.44901471952399064
-0.6580982060592249
0.9820729662578453
1.164329241309229
0.5065681534167079
1.4496785590289978
-0.9111818870990498
0.8269399283300485
0.07741239865565408
0.8892941765005675
0.3056795809924924
0.026709779729755523
1.777714300306315
0.29352744511736995
2.6530616754319194
2.780921570773745
1.657350993873939
-0.7730035006293663
-0.891190193647414
0.42152848152652855
0.3435440361788413
-0.5921701392561525
-0.36514017469551074
0.0568492401860885
1.0090984680485244
-0.927414058754366
0.5719945989637649
1.7552546944664977
0.712263784763222
0.14505517387497346
-0.21091856432456724
-0.9568069181451195
-0.7777297878183271
-0.5849261316622665
0.8949713953616116
0.4054470692828991
0.8964043228178351
1.4004501727628667
2.7194859703791034
-0.5928799688235675
2.2279709957235454
2.721273359228909
0.19708806332453066
1.092499788816771
1.6708868760364692
0.3806565638605046
0.6131316814358325
0.31101364743740234
-0.12532020458081639
0.5909427811831969
-0.2666415273779885
0.9117568568928329
-0.26113255318504236
-0.19019418788521492
1.1504206987772134
0.1388333891909297
1.5544021882186492
0.0877952509251676
-0.36646345842186734
-0.3164892775136934
-0.6614662033659005
0.2652973910426446
-0.9363270752484367
-0.34713411670256944
1.4137774919841684
-0.6613981511117726
0.9820448210626573
-0.8604935572951806
-0.6815813894279048
0.46371857866547606
-0.5835041579196272
2.662506731561848
0.8656098395491829
0.8373845714588832
-0.12789552564174822
0.48011918120804986
0.7947399096801901
0.33389580466085866
0.4162783233865581
0.920525070864451
-0.28032229790761765
0.8602918731605147
2.8591829040246957
1.0015380651351438
0.1277717464331649
2.9479717889505643
0.3716954568077748
0.8788291461729398
1.064277486834364
2.3836827537383405
0.9319479453449722
0.7184990763415864
2.4889609856006807
-0.8886669654562749
-0.4959573258994596
1.0240554362055252
-0.362811798639036
-0.8449306272261052
1.9645229715518144
-0.39645473341685644
-0.4207048911091924
-0.5957205281824158
-0.2445843991834784
-0.414580635249971
0.166605305989042
-0.1577522325215608
-0.5276925727424124
0.25529172069287287
-0.6496172875580126
1.8417802458933146
0.18080866730310263
0.41494608620636164
-0.671996849609152
-0.3045717443279974
0.47986486536706363
-0.416008620350635
0.6078596257813731
0.3504553337672205
2.2347057675741424
0.5208130364691115
-0.8729709113108535
-0.0023341087619372924
0.23748033895569387
2.079977286983916
-0.604104479341715
0.8579251041902975
-0.549649251916257
2.5272801692912576
0.2850745017308556
-0.9978578952805413
-0.6010297556050928
0.08012861643809588
2.897024551575166
-0.460294168734408
-0.13127493062746476
1.4855277214634095
-0.8398388037202233
-0.32986623505275636
2.7656658043449593
0.07677857247998765
-0.7273658539177279
-0.356762408580358
1.8168101371876433
0.21964023505566233
0.5544995773918315
0.5556715128146781
-0.8328046064066188
0.09161263234597872
1.5275080024220666
-0.9385760512216974
-0.2811541366158101
-0.041094716000844134
-0.09215297618517138
-0.3778483528694485
0.08435994003624869
0.2592629253427561
2.3889384392655195
0.5885446816785407
-0.47792083447999345
1.0421917701164887
-0.038002839524972076
2.524447505526524
0.4322189871483395
0.3057843698252214
1.0050535800931055
0.1125518592827468
-0.5090546751567844
0.8059818679364694
1.343428748220906
-0.6976282638401123
2.1400420673295297
-0.2729319570486517
-0.17889157573057557
0.1365218270241304
1.4334265428457023
0.18266243557323136
-0.989894896944896
-0.00912860569335705
0.5050877084918535
-0.9621076362896348
-0.524355780333319
-0.17871685477703925
2.5885934481453248
0.02317158965771493
-0.0822414148033821
-0.8874282416800889
-0.7842116898782681
-0.34475750139207584
2.7716951168895974
0.460242096606041
-0.26491205791474814
-0.5342787609776685
0.10815425124411959
-0.03246492984507232
-0.3050408612036086
0.7267650054606121
2.6795637935241707
0.26807018518072434
-0.3131294394642745
-0.31096917889804243
0.766475049154403
0.933538787795618
0.46215273971717874
-0.96841327447646
0.7892358299160551
2.548198171457771
-0.04367431732699423
0.25854015462245195
0.21855614417776859
0.36616965436002524
0.8310542779133914
2.3085310835624107
0.7793724198053837
-0.6353520778758044
0.9579438410042433
-0.1038133776810859
-0.29356920906000195
-0.790111988176728
0.6556137832550375
-0.54520178047388
0.17571501948142276
2.4026773761488176
-0.4901494278169749
2.8413417515733803
0.315619307559438
-0.31798028539389467
-0.25001111236293827
0.1068300274938645
-0.11186066420387752
0.5223660174627185
0.6678375524537254
2.5129000528285785
0.26370652613130807
-0.4898944223013779
-0.7675446042686005
0.4860326778317947
0.4740566456229307
0.23347156869826624
-0.3360205214270786
-0.28842939293979786
2.1659729803274006
0.008846330837893435
2.748265000174904
-0.6106211048155268
0.42321710935861323
0.5835220743307894
-0.8858681112032483
0.694281624644079
-0.12404687434259132
-0.5354060239132001
-0.4424883756895994
0.22824388956087382
-0.2694593402990688
0.30065626274981283
-0.48243545112019914
2.2373308426878618
-0.2920598218668371
-0.4720189138318054
2.8908204108239994
0.5720052854204709
2.707747783658158
-0.31524827929318144
-0.06372789421525571
2.944670486134319
-0.08840471573778141
0.9269842669239545
2.6803519706289882
-0.6141519284468526
0.517638396181838
1.8378948549225185
0.19337520565017718
-0.3990494444352761
0.38120222742811216
-0.1903602182224311
2.2198911617347914
0.21503326110522925
-0.3635103092731229
-0.05246753113371794
0.37008855618339687
1.6283241926441137
-0.8622188013551657
-0.15525061690269926
0.6579149080589539
-0.6759611843354394
2.355799717725505
-0.11189871966409415
-0.7847721374448298
1.6224142963128938
-0.5431407226950999
-0.7367275414671475
-0.9827837883115123
0.9960710004126159
0.24788057301385158
2.713479788799264
-0.4544392194636593
0.7903281450303712
1.974073509898527
-0.28626031274098396
2.5772670110620464
2.4620714382766864
2.809069614852784
0.5799335709412583
2.579860401824772
0.865742252004476
0.9988614099688216
-0.33869449771718707
-0.22964633061281337
-0.33404380800305056
0.11484765014638487
-0.3847382877409178
0.3223804326252351
1.3143577857876845
-0.15079911788761047
1.9497810637010748
1.6933854286792653
0.25242784241191685
-0.4732307347806719
-0.9303312854902279
-0.028319055686199635
-0.009152585789514944
-0.43765212606773596
-0.12964485234972112
0.053164882325972274
-0.1298705250159562
1.538261201711561
-0.5826487437810826
0.9499051173596884
1.07028707911115
-0.6159675317506401
-0.7875940637782584
-0.5790940511704139
0.26767219970246425
0.16989505778529468
-0.018080856365198406
-0.6210263324658258
0.07673267301860776
2.639063750065496
-0.8991615834577278
1.8303058634053164
-0.9349139560254145
-0.7155798507465017
-0.1273067856248904
1.1345639586966385
0.4604282551661789
-0.3281656270743485
0.7367622871902091
0.1872769819601403
1.1813711632430495
0.7275368246535925
0.9658145376089491
2.9917667081142483
-0.07454719536783538
0.754772863180019
-0.027659703815584136
0.392462418154496
0.917036377412767
-0.5924413956682919
0.946931566090597
1.5598986147596705
0.8131922027450134
-0.13961243639240228
0.4165410812459267
-0.8941137430792336
2.723791556484688
-0.09069870603299868
-0.1948379260832369
-0.22223880346676905
-0.8953998403808476
-0.16940987172121424
0.5739631223024573
0.4651616842100965
2.2392233786314044
0.27554064184252436
2.0539196917752953
0.6679393839506542
0.9585706517824544
0.018733808090768855
0.7699022409529486
0.12349708222239064
0.12964392128637026
-0.8719665509205821
-0.6828455364306201
0.294228755848553
-0.5494810828951509
-0.1784165120411536
0.6350961389087857
0.11815133117396215
-0.020497859731101187
-0.22844128047386492
0.9399989533442157
0.8868107821353586
0.2832214188679123
1.3274612382358508
0.11418479849659935
2.1791037657703978
2.6431751062283997
0.16905831606974853
0.6949073489108215
2.980124798664182
0.14256496329501078
-0.14631872460709183
2.5532046365840135
-0.9136970658554926
-0.15715427449152353
-0.4075600679425704
0.6265636410671049
-0.2816440037968684
-0.3840497027866896
-0.9503998686584689
-0.5507063526880069
0.7872936659992968
0.4142601681235929
0.37726492271003775
0.25294785452595736
-0.3979867882867578
-0.9568709132916005
2.2318807548512827
-0.8163872691854304
1.7654143246173282
-0.2549242937321883
0.0549952838286234
-0.8536488467151728
0.8491517263363899
1.6921425233065397
0.4687112223162835
-0.026598993339046917
2.0181023087290964
2.561734614192007
0.7498930136730031
-0.9751587121563479
0.1477748050776686
0.8518629899734118
1.9374378917094104
0.743505783079905
-0.49751531961808526
0.33309661408034485
-0.7102888063279513
0.6263479294002021
2.624835050550854
-0.22939680932896755
-0.044650349974873826
0.8770557581804059
-0.2700428304748079
0.9152362332180684
1.3441903427930044
-0.9546795433702562
0.14430207662541528
2.4833663736691314
0.09222372169126891
0.13937338694103807
1.58418988373013
-0.6183653487513965
1.1422194794502778
2.3721238037552337
-0.48956439435282517
0.7140701241791976
2.249861835968037
-0.5511618104184339
2.518279168851202
-0.7686479420378891
2.471559277475916
0.12010407054012329
-0.06815725100188996
-0.8377213919454276
-0.13902395285218772
0.9049960969689601
0.5276583576070544
0.2756411031833117
1.6221257632329313
1.2229053912731411
0.4461486111075612
0.2975756956601925
1.1228023796487063
0.3348731305707937
0.04346635228869644
-0.062001334036501765
0.6643929969093749
1.1096026405250763
0.19412113536723097
0.20751490755026292
2.2471666148257503
-0.6751591064901494
0.5958220773232143
-0.6938886222902285
0.3199223762012502
-0.21977739715371913
-0.454052279679352
-0.9978683212876933
0.015611461869267096
2.7441031644983154
-0.23867101543272606
2.427869905791116
-0.94573959315993
0.5099009703473512
-0.7713621984248171
-0.36626440470804944
0.977127290164433
1.3466565626333171
0.5894056176795279
0.7003921647468272
-0.9243682640387927
1.127909916071667
0.012947559343124304
0.050189574838919615
0.7774150144690803
-0.7976762936158275
0.8697203114234595
0.9278168216561853
-0.6075169346070755
0.808880927542275
0.4048951275931465
0.38349669954874765
0.6904934163753158
-0.30225726359094307
-0.03416444000892649
1.4530838466640623
-0.660412814257638
2.4951170785778425
-0.8102241357397384
-0.7015272986909984
0.12453114615456173
0.9076543249563314
-0.39234652929021796
0.6473838880545006
0.18097115602509883
0.9078514095687729
0.985450045685196
2.5921941864016724
-0.6939301088613827
1.5282799560385907
-0.5129894110472843
0.48864007363312423
-0.40846342993214857
0.4716219929369534
0.029779200009916185
-0.10566206077000984
2.774829745117678
1.3535537118262089
1.2558312823544286
0.602268089782926
0.5392452464647939
-0.9950171085058965
-0.8864219397441129
0.1934679040710814
2.1619339138931193
0.9778276987928554
0.48000671638761117
-0.8036003999366583
1.2182278559625477
-0.8456111032872689
-0.474279086504237
2.417444083885143
-0.8295245368036648
0.8453430218768818
1.9427286989242103
-0.7706673151224162
0.2836444103159321
-0.39269296277258614
0.38363963590169226
0.952396645052114
-0.352601323906212
2.6060347109814783
0.07732837843848261
-0.12289399878931473
-0.18423966847243745
-0.2235696052874001
-0.5257870312479394
2.5495032869500007
0.4915198635931255
-0.7657855245821437
-0.3965020480024277
1.2615640956182264
-0.6785929643917836
0.5282867417917958
1.7323846433850927
1.2035807650820247
-0.5868494893685285
0.008527955208436966
1.735494984397761
-0.3881099659117193
1.0567328722731049
-0.1792886345059217
2.085340782197635
-0.6518647432491262
2.7197947248005745
0.7973454942879636
2.1476554046314087
-0.9802060976302203
-0.18840616461063542
0.24880389886442722
-0.9025270356041732
-0.11921567337550854
-0.6102817524432722
0.133760066687157
1.1352276999822712
2.7465251289577264
0.5614156195391757
0.29415219492322775
0.8324870244615827
2.266384645611183
-0.8961572727070568
0.668743583705947
2.146500386579326
0.5916344059528595
1.9606476354126667
-0.763144067801935
0.3935976084774755
0.029811245234985906
-0.10565206123225068
0.97222158168796
-0.9360351974389816
2.9140519158664095
-0.3454739986968929
0.5801916310303024
0.036305836664273006
0.16018904337053863
1.5782034624694976
2.4717621027605996
0.21036992722211645
0.6616779999558695
1.2827190750842585
2.9039636273072267
1.9555457861483265
-0.4208838504637089
0.24759278598004486
0.8017579430145898
0.6554645790795279
-0.9656617511778223
0.055792334617207784
-0.5699267884800987
0.6746335240035097
-0.2707182598337792
-0.4772283724804207
1.3332168595049345
0.4833573227291299
0.9726582897374627
-0.6270978085867209
-0.2605472400006392
0.41204858488192597
-0.13074674410088338
-0.02037950243969111
0.6313661631328926
1.284898880154013
-0.4870954952363664
1.1635933089582817
-0.07684179892474474
-0.915206820357549
-0.4397142672587402
2.1784413076207025
0.7311633181883872
0.8641115920658442
0.3348790824912198
2.0657299694602758
0.46383742823512786
2.674318746665218
-0.5338436555354049
-0.6492280064318432
-0.28735107980923136
1.166611136642245
1.0166408281894612
0.8487423362045299
1.9210407338923856
0.0029308680727886394
0.9089209216964
-0.9630563608199092
-0.5403079429382152
-0.6311573753373223
1.5845714509240527
0.34430150422354044
0.10991856158323077
0.6983754794320409
-0.20342890342982423
1.0454053601069824
0.054117388651873766
-0.6661090291699312
-0.4941071478267669
1.5332170545669088
0.8156877351580405
-0.23084525993877247
2.2613988500424607
0.6854656294906414
-0.9267158378353781
-0.22865978310022883
-0.41840693074236524
0.1279407671064554
0.4476457370650202
-0.3230635474089478
-0.43902541422951913
-0.19533397502764194
-0.49357194853554853
-0.49311458778427
0.3507970376096077
-0.7413665941157077
-0.8720757458704576
2.7036503889325694
-0.28576074707855614
2.858224864769138
-0.30478172296872086
0.3312670345011506
-0.3540269748175413
0.18452156151584576
0.9423533832855406
-0.9938881750356463
-0.7667758284244648
0.4423425590313592
1.7688821671775563
-0.7739821859282547
0.23098073720299506
0.9030188675533011
-0.3866628405254966
0.5947031100727129
-0.48152549301480674
-0.3005604815454941
2.8108785044577727
1.2593030712537823
0.5183047035038906
0.1932734322705616
0.9262869975033061
0.6703923894589936
-0.13367483040755612
0.27357225299769095
0.5907325800413106
2.3025850796135443
-0.8871402157770178
1.3708027675177206
0.7230785404161566
-0.9104061645985979
1.209207362996254
0.4399440803160184
0.29757344672010655
0.2725829437356222
0.6026024466514779
2.2323598391427746
-0.6919670386234695
0.4389202278078572
0.2775985471164484
0.9077829059160749
-0.49554224896608434
0.9758652859328656
-0.3779135331438028
-0.9770166086971186
0.9860784113151044
-0.7868862517558834
0.8690952187047911
2.0653109438934822
-0.3183651238780796
-0.20964360701979978
0.1879214983960411
2.749117714227613
0.9022903607869575
0.5310349569698181
0.36556401244342607
0.4488166197425476
1.6376626536700352
2.8205564621370103
0.9227753646647214
-0.3660108542818816
0.8050457087010532
0.6484733136828551
-0.44362811321480167
0.6520772754606274
2.1539785053337517
0.11389532020973903
-0.26836692306919185
0.2792503988993713
-0.5743742639228946
-0.8318189148662007
0.7021300881176913
2.4071332260036478
-0.3076782103013498
-0.5879797341363164
-0.6030678481057505
-0.2617909537799219
-0.30929751198678046
0.7942663773088547
-0.3706322894971774
2.2983581856120363
-0.09239970254770302
-0.935819856019926
2.0702635559881664
1.123019846488456
-0.9237789289009142
0.17558668228307073
2.30897924624828
0.9267035237510579
-0.09211867885387082
-0.8648176180142293
2.2719016421854006
0.15055871386442332
0.17976385250652016
1.1519879875557018
-0.8566299332777374
0.47730481493763643
1.5918121530595117
-0.8208597428583826
-0.44175116869780484
0.14135386482521772
-0.6459738575960148
2.023042997384925
-0.35619773223057427
0.8323704481164611
0.5811184505252884
-0.2713475742061644
-0.8714280535548375
0.20434407793956444
-0.6726302570902265
0.21109208219418107
0.031781167603076144
0.6864333959798332
-0.6541559447100556
-0.43859875677790305
-0.4395430765343875
-0.9519761554664745
-0.025338218608548013
-0.4260478146915081
-0.45134337595818064
-0.5369470035174597
0.1869038776179366
0.08688725219366566
2.0400190123320807
2.2511777213774495
-0.26153364417444713
0.867755036965703
1.5862125816748274
1.097408230339628
1.659300544952014
1.9806103903342918
0.6163927813802677
1.2247213116217854
0.0402910437347348
1.36894639707851
2.1758696208485917
0.6609846914694371
-0.7707612884583799
-0.4052830459053893
1.864070810854188
1.0258677630682276
1.4767986588047546
-0.9063600919701014
-0.056348257204682506
-0.6162108685898493
0.04114224792398469
-0.047428922697882125
-0.30465166246808173
1.2840091922796133
1.844294183564811
2.9592077879686673
-0.17185780842232767
-0.8988292329244971
0.8237592445254958
1.2374646842620496
0.8794972759014483
2.4187627790374133
1.5640594959467395
0.3416380259570475
0.5493605224757072
0.9636585519278074
2.9123749106300565
0.36594408685219126
-0.9338318193447499
0.3866872633729501
-0.3034000299114288
0.25865011207982547
0.5737588959784068
2.1718345541348265
-0.9521385391155603
2.2376381893091852
2.7795057960959513
2.5339848645770346
0.8650763849128109
-0.3531286355525649
0.7983471211349618
0.0035506724947054202
1.4457767461571565
-0.0921303524814765
-0.4979623798359927
-0.8230638693763339
0.7148496395694257
2.420569842668978
2.6743874140415045
0.3326867088817558
0.39154460212927056
0.9382509072619505
0.4394981255778996
0.5584056654565841
-0.821238962797799
0.1879427429312619
1.5104023582106112
2.721730844791483
-0.7488209856786956
0.18795395234763812
-0.6503837289731529
0.2946011050045494
2.944401402128724
-0.02726634787902893
0.06899434983239505
1.2877767073744781
0.4141313402507101
0.22797826903774654
-0.06949174940673108
-0.45057964776537474
-0.7890515992032798
1.4538882041225167
1.7110663714464265
2.827090660839058
2.1548218036190305
-0.7824459357832121
-0.9528626951620109
-0.5511360553700233
-0.9264201606757261
-0.5293122295380726
2.510378681193579
2.9946152102459953
1.861951017017702
-0.15977747851744972
-0.23579231846852267
0.5788886181622639
-0.5129110597321698
0.1288408112335757
-0.4197232348584392
-0.4334038892300265
0.13587395288191195
0.3010497047189704
0.23028501729362438
0.47927758811942334
-0.7609094087612389
0.5089217399156165
-0.16226341623403417
0.48225955761182515
0.9863317920282906
-0.11183569634996338
0.6523773270772124
-0.6141645250091512
-0.08651153944506129
-0.05490971285951396
-0.05602278127858318
0.40846998726558237
0.4395324802311662
0.05348697809686498
-0.27151826921241784
1.974624760161723
0.9615372593030433
-0.7553841358947675
0.7264516066686015
0.1740694494513424
2.615591166373177
-0.36290127522569593
0.42230744423416366
2.294540060040475
0.6331993379787488
-0.5910419239769586
-0.11750226952679355
1.3714931860387134
-0.9431039099370961
0.3249667380471286
-0.9004941807955404
0.4072489394668106
-0.4904665133968569
0.2420759679799176
-0.7182355148579125
-0.029957914560950982
-0.08996438674663843
-0.44774978319406245
-0.17550399962415764
-0.5474451518574199
0.42352096925138305
-0.0512896012527686
-0.1074486911610284
0.11332084977895307
0.31349279813654896
-0.777416657143613
1.8882748209088114
0.45047353702064163
0.08447290498468218
0.5590095359543965
1.6665212229252704
0.36289038233221693
2.0037645085949993
0.14731764843155704
1.0458055405590874
-0.4741188690403775
0.5419065157858858
0.35236365599358344
-0.6722703712394218
-0.9972037057804635
-0.45221379334794465
-0.2848438244914391
-0.21654293323470197
0.24195498254747294
0.08909310544432825
0.6373322266490318
0.06198124322246912
-0.8278037359280876
0.7397170792758132
-0.2584710682861988
1.9765290551067898
-0.9235819231498539
-0.24972759972288472
0.07895156414827786
-0.18035755192027048
0.8859896643912573
-0.9513435975786966
-0.7656193172297794
-0.3562139329828984
0.7703988922760581
0.6707187535425094
0.8650094027948556
-0.9780917354309029
2.6136078370433786
1.9771375282863655
0.678720874218939
-0.48591752415071054
0.3152529231979604
1.5498784072323126
-0.9273114920084968
-0.9760797943530211
0.8682766804025914
0.9156977375848003
-0.2809256873640382
-0.12226262375893793
2.202556346259117
2.549302780625818
-0.8058912781137155
-0.8825549795378673
0.0570239331546063
0.8207451795780383
2.477823742408864
-0.58464037667771
0.4437052302556759
-0.4285466113942933
1.9891371343664066
-0.2743191479953029
0.38670049914901883
-0.07737138545531264
-0.9426970322372088
0.4345034494889626
0.8362939638098894
-0.13125090973080855
1.278813561760092
2.171693739749114
0.8902124165541261
-0.4321105658065576
0.7839266425274112
0.662355624064948
0.036555629815827606
2.841917170437748
-0.039079868538157925
-0.10960566098331803
0.3427160770695221
0.3616895013314019
0.5993421632604712
-0.12376731389689288
0.9523796500101964
0.4978112423010894
-0.8948489655916247
-0.3341607669520832
0.6396569233877376
1.2495266050540095
0.0978186618458845
2.713631046560531
0.2747868855036366
-0.7615957149871639
0.18971676788611447
0.4189618783336171
-0.4863156658302221
1.1475652253147326
-0.6836179528967403
-0.1568709923885956
1.9058065715056525
-0.18637052543811472
0.33309688588679354
0.8854152726712061
2.6297653101128846
1.9426968393769533
2.9660624067124646
-0.3617580044546804
0.5529742279091483
-0.5262003765399994
1.4284277248298576
2.1019911984648703
0.07738854558529829
0.7620103805584559
1.6963969698749006
1.1127093771699872
2.968120048130751
0.09471815477618328
1.7914409217676148
0.24051238546180254
-0.21932496581215521
0.2812924898201352
0.05008743036270924
1.05860390786996
0.08491167191910964
0.2325141024438362
-0.22239693594305754
-0.4961703593414173
0.31327662364710296
0.9326895319653119
-0.5072449861972508
-0.8998153737014878
0.37588295831892404
-0.9201970845969467
0.9330642750877711
0.7282591938683092
-0.9111084168280656
-0.07881311488074338
-0.782467842782312
1.8395282464779807
0.3796655556683082
-0.9783463784530759
-0.8374682578474553
-0.42269370246779947
1.137621067685886
1.2972804234785438
-0.8674055072720799
0.4039222623572205
0.09673355977292353
1.5552628855113946
0.9187802839780435
0.03754022154862047
-0.626286634131566
-0.9646667682443826
1.7409000704054902
0.4269513580943536
0.579447333693722
0.09246842947408185
0.7237494132986266
2.693609086146856
-0.5949974034380217
0.24634055807076027
-0.05920021952450871
-0.81775812449599
2.3752744975426836
-0.6205283352754207
-0.26990391555748316
-0.9520937705633299
2.575225452122785
0.36923905594408435
1.598790014444966
-0.595742354100397
2.9732559753650545
-0.8367579878477134
-0.3491709165943062
0.5430443162141045
1.5333231695337295
-0.32656243126230167
1.4019114291728088
0.8600001840327134
0.009791175035405608
-0.03489489223904685
0.3597081982102237
2.6195654111075726
0.9546112505332822
-0.9149790629820693
-0.40038830384277757
0.10792322010196753
0.9463244206876094
-0.8053147927325066
-0.6770613334749231
0.894519253687422
0.5681456851236744
0.6498667852965379
1.6864903432191525
0.9036619976072147
-0.6160162250019656
0.6811512902270815
-0.31588316320987664
0.14872937535167408
2.5875803375634403
2.4875325811703473
-0.3231082802392853
-0.17616487863222452
2.6411712426139458
2.1707609307356277
-0.433273643813459
-0.8285489841926919
1.48319506754344
1.0474980469031892
0.155307180310309
-0.6813443984758107
-0.31913799708957624
-0.6292846626610389
0.6437203442512425
-0.2572488833703579
1.3243893235196105
-0.2666316585398929
-0.4952635807744352
0.38366960722761867
0.09684486256809421
2.3071653719205747
-0.4955345316447468
2.139583743691935
-0.6493718828633464
-0.1282131307852512
-0.6937026820891423
-0.39282570012163265
-0.19249261170224763
-0.7578810771072659
0.00884031096908866
0.7679299459259905
0.10195391908909879
-0.5217323757499359
2.951537865047963
1.4919175810453817
0.5476410826053131
-0.950068711614898
2.8606452260793045
1.4180000288508285
-0.3987381906006826
1.2176601961418172
0.9708994310104218
-0.3258088458143986
0.7085537718439017
0.49925530525745554
-0.9591135302828637
2.181419711270946
1.0662063086271807
0.7197820032702087
-0.8045613121025776
0.28534626080777836
0.03561314148832806
1.717865217979282
-0.7806861990378597
-0.9069905821324051
2.9477288694027353
0.9250105132474553
0.27783199901250066
-0.664392569970361
0.007731858774445044
-0.24948676622146193
-0.7958852491449455
-0.6663055552727604
-0.40737724464501235
2.0980109989761306
2.4727257848131137
2.2371629096287924
-0.15394423599387141
-0.11315694659217668
1.6936446629121236
-0.2049984099015203
-0.6559594657241132
0.7397704634572535
0.5538879631213214
-0.2309608906305629
0.12714455528357838
0.71870604018764
1.0342297181301603
-0.1896723518547161
0.3900833800968917
0.27260427662853504
-0.9964403085029396
0.9594869394493353
0.17315510342050344
0.5962017484355127
0.6690385067391962
-0.3895762072387179
0.5651682788947829
2.1630419995207095
0.38625707117838637
-0.06982992640493513
0.63284259211039
2.101430090143423
0.4011158163730997
2.1414641091752276
0.8210738504259585
-0.6538842533506575
0.05102305206748681
0.9486397463991223
-0.9485501411684836
0.6302676433215668
-0.13746802974732852
2.3007878844236234
0.11780672892981792
2.8957340145560524
-0.037383496737555255
-0.8018944299084776
-0.18655440122962386
0.008355526841429706
0.4873036300152327
0.619734915219113
0.9847427037691492
1.1430521698971858
1.0404358598640997
0.14218919965295607
0.5398124871579724
0.6838266900501639
0.9384739413799306
-0.0730661229856866
-0.9481555510943172
2.308376049683014
2.8457157906003383
-0.5819231508007512
-0.8036370041900815
0.49088805094339816
0.9931687191940077
-0.5479234139390701
-0.3512710136168149
2.4105027411745956
0.9513165406317616
0.5761024702849638
-0.3654981349696369
-0.5357378153605397
0.14926100652936758
0.36552125512910894
0.5266791529310824
1.3418247470424691
0.33627208451991986
0.9668046140574842
0.15848156109567002
-0.08527037800031478
1.4956117212177686
-0.4847274707215572
1.493978295993085
2.8484040346157604
0.3595694248394459
0.9689648785592311
0.11556230800543266
-0.8659151602818436
0.3091673651463298
0.6045039816757811
-0.9876122494020114
0.6817091428540989
-0.5210788050234938
1.5315199137289428
2.0270716178866377
0.21826841844861544
-0.1513357464952545
-0.5298690607734895
0.16472457397805496
1.8862666616390442
-0.7566543504859788
0.6397110114781455
0.2267401475776143
-0.20975689099120975
-0.9366558507238254
0.27487855347411894
2.132394210667462
-0.8748487387268442
1.5431649698453263
-0.19774741936865348
0.7639418903272326
0.8939462685194473
0.10056701570326032
-0.6784037536787939
0.13169850824299045
0.5182734253744861
0.5645697504767566
0.7850786690540064
0.9340789392984592
0.5620478099559911
1.7255429797664625
0.9711734050514285
0.8984058113974671
-0.37648833024127515
0.9240171018211032
1.1495501757539155
0.1759180656331525
2.639247738636951
0.13238757706671356
0.7869697343880637
-0.20081007608824986
1.8002064145827703
-0.03282935018491173
2.3848601007780594
0.8763442233673537
0.5942080696086884
0.1202968973706795
2.090674304105449
0.9670534483539461
2.7898039558557146
0.8132150161360592
0.501329351150301
-0.6118228447897327
0.6714001021027061
-0.4148076507646339
-0.8065090107737503
1.5221329024877428
0.8832008986165181
0.00492625882139297
1.520192548249363
0.15754022975813364
0.9752245126130756
2.846149575907022
1.9786840480799388
0.46531682514262607
-0.24576294549681355
0.48744048211984836
-0.1612469249954862
2.4218170591917385
1.1695620400539017
-0.9680399352246669
0.8992587952327551
0.9223381094568341
0.5139217606057578
0.8719197815894861
2.7164890658584504
0.3489098800263919
0.13448923458497597
-0.36896649522411806
1.3196541437029206
0.8373731960456918
-0.26120471424801317
1.3663308765517783
1.5673781605090613
1.8120892840204037
-0.5982638555747564
0.07840748305786827
1.3941727586405108
0.009365605446636005
-0.6269561633693757
0.6681811165417622
-0.8323706099403303
0.5646819113080956
0.6441177401876121
-0.8506642305740983
0.38333142820673016
2.2962668885197486
2.4723426492431315
-0.9539337836426236
0.7058612477867985
-0.48162735431634807
0.6747666846790343
0.8711514760299239
0.6444747143034537
-0.8540552012052176
2.5223255029894047
0.3952784292037612
-0.9310613826081726
-0.008513132457009132
-0.9577694219035493
-0.4137862867058886
0.7871010820016933
-0.5744823503152439
2.2706027744711497
-0.7492851541043848
2.2276062494322932
1.316657455926914
0.6070392710604389
1.4962236658863062
0.5366961405173252
2.513267852869284
0.2133873876721306
2.748230036505621
-0.30348572587819045
-0.26353944751848224
0.3265060125312038
1.4308302996063937
1.768367164817315
2.588107227589323
0.659031899793161
0.4725361863961315
-0.24480677769380677
2.1224016113791557
0.42488497670956016
-0.16692998914120882
1.7312188144680583
2.6902726332900464
2.3008303449984995
-0.7728879937577124
-0.8257345446890936
2.838087637592359
-0.6767399003686587
0.6552800562038938
-0.8593110982591137
0.9420325591830434
1.1542767674672827
-0.310207388951079
0.4101145370504311
-0.8733907962306513
-0.606847602241845
-0.7541810239341844
-0.2844377410112635
1.2457187665053515
0.4569672922914898
0.3379699662866904
0.4016382406644532
0.05511299703452521
-0.5353616120490163
-0.016682678312423205
-0.1421190051712662
0.7840028296577333
-0.806030433595277
-0.8018834170039446
-0.10131849753821243
-0.7686160681377014
-0.269618616086545
-0.3214603406774186
0.4578714482281214
0.6826394200304986
0.4805195701184217
0.943507630362765
0.3910116858501145
-0.504818031897585
-0.5921202831461181
-0.43024241049164047
1.9644470269071572
-0.31366351915171875
-0.9016299935113485
0.5164563718774993
0.10177550067096486
-0.37406393977295194
0.02475136333203709
-0.019752320031819703
-0.13578545213765314
2.0403567310846444
-0.7855445674821098
-0.9643946824489527
0.15313330305929074
1.269863680526406
0.39457655731396457
0.852959301804795
2.27208122533267
1.6126794307022783
-0.0318546520077736
0.3033152587047021
-0.4762727980241772
-0.8471726164488995
0.8951381653446933
-0.6409443914238973
-0.27358210797784444
-0.678626087703069
0.11555259162874498
-0.4708489753882341
0.08023187568685697
1.2243104428222613
1.674527302673432
-0.6928837016348486
-0.7134280672816982
0.3639342304633195
-0.06617071703061472
0.1584212832816585
1.0187755092286699
0.7626915925963231
2.227653279046139
0.9421128746000822
-0.10552390700767345
-0.35248144688870875
0.8145729957705949
1.0792294801323887
0.8616421336124085
1.454408325439302
0.9653478205820574
0.583952506376229
-0.415601342858571
0.029606932107380857
0.9154635091860812
0.8065052367501595
-0.6961603703679942
0.3817536627195026
-0.9523114486080624
0.7904695441019238
0.6840586958180581
-0.01766281068342823
2.7596482578501993
-0.010409691057794213
-0.8420159941864089
1.8945154549922185
-0.3781537402989985
1.3047737756746822
-0.7285047414701067
0.35885791873168205
1.7793907077577253
2.986001471595859
1.5847002918839117
0.1883011663726759
0.28649882383359193
1.3279829264091392
0.17204774564242342
-0.15343939681037488
0.7146835439338737
0.9520449913124467
-0.85596342532962
1.4289873350906086
-0.581316820614818
-0.932119196506207
0.44713940464217594
-0.9514773190416366
1.1744320345653232
-0.5121098117375777
0.2810743065605552
2.868449587062001
-0.3086830595899106
-0.7759325248480762
1.6341525063932978
1.779118721985352
-0.18642595369876225
-0.6157327664773808
0.9021983920495089
-0.20095390018460701
-0.42811554229444226
0.4933791449785543
2.1870283003755477
0.6527080248274324
-0.7108758459166822
1.9971259566192185
-0.28666265384609124
-0.18106625368046303
1.0703966412823416
0.42020207496409157
0.18450852318537714
-0.9293558866501817
-0.2640244959554843
-0.42040747134099754
0.997823955709153
0.2680913421144908
2.3422620700067585
-0.3091397814087331
-0.4417663627395172
-0.3545160310607389
2.863506629425876
0.5211599400715943
0.9452531827294997
1.8207725409473685
0.6754979681855304
-0.7927779944573417
2.3631037708715605
-0.6743659504649993
0.9669707040484261
2.9319787305912928
0.8385895775281502
-0.3954570934968529
0.2954948501501906
0.6960544060792848
1.0032470694918734
0.9843003642788255
1.313788945155567
0.3337021114153871
-0.1436410789382805
-0.13337539174252688
-0.189463116416404
0.641872958794663
-0.1451520031351201
0.29452798200640107
0.34120746739454777
0.37395564335273446
-0.904602984281895
-0.4310922379809119
0.7728743939139575
-0.7869103823450185
0.8183869243526902
1.0762140527278905
-0.7096826782046741
-0.8045683444175367
1.6107719273831416
1.6298520838715396
-0.8886258568347978
-0.3601594116706033
1.0809664094481475
-0.9356082513951065
-0.6450971730878459
0.17667900920434332
0.001713867645680045
2.2101700282638297
0.44762791614513886
-0.5674278874684113
0.7867652393050801
-0.16391366181665745
-0.7805012371900546
0.6443056423369875
1.1362153295481354
0.3986101043826975
0.08108461480044449
-0.6842321499714576
-0.3379281499577622
-0.4072181795831824
-0.9226691728795073
2.888473839802514
-0.879510269097489
-0.4433552631476143
-0.872788916034617
-0.9535193684971806
1.0370747569483636
-0.4229575008224815
2.400124162815937
-0.3077757656907927
-0.27866463110716033
0.08920711619948318
-0.8651961676718556
-0.6651575597449622
2.3548843368258963
0.42767437663798735
-0.6407908866265886
-0.8603246794595809
0.9523346087101408
1.1016109604984896
-0.6723875233689993
0.7301307527182999
0.4311150459816706
-0.001954717357983471
2.0188251216280335
0.9957732048893537
-0.009728478460861778
0.7128382192283758
1.9989153618974898
2.1974495374755287
-0.613638394920599
0.7288140209678828
2.1738481787102923
0.10025780383882421
2.421542497676903
2.690015048562607
0.3382068740698658
2.470944277704482
-0.5347499596786973
1.1178189579679234
0.666324775818995
2.9503356182895635
0.10059419525271984
0.16390379724288628
-0.45857863082677186
-0.1054889220679387
-0.7229745315444553
0.4974657762817636
0.2449501746516951
1.7227670271528566
0.4672914503232801
-0.7118575303497978
2.638596530095252
-0.3711802226224272
0.270836916735979
-0.12671611748770295
-0.26520658373456896
-0.4705052961592313
-0.04500707515203528
-0.14668145142501055
-0.46412430639943136
-0.20947720789951707
2.312630048423575
1.1030803687502362
-0.48950681130089113
-0.7619184218319319
-0.7598105473391441
2.3151851905573317
2.029942717454015
-0.3753916981507295
-0.22540104518544268
-0.2598570964365057
0.19027784823953864
-0.7226698910519236
0.8399436309301358
0.3479796980675369
0.6567284760736132
1.7101550813974036
2.1558452594848747
2.861913413805536
2.5266159134469666
1.2954144024167913
2.7097547269506137
1.074575541931393
0.4824203373833027
-0.46651395455275857
0.6580098246248307
-0.13224570810122516
-0.42514741280740664
0.26802310432800214
0.6250028608474536
-0.9899319629248888
-0.5858388120161826
0.9291315054761149
-0.5905441166310865
0.2209272838007894
-0.8917088809754752
-0.6449276698998925
2.319965696812002
0.19137535373507752
-0.7771275423349078
0.05351071503388738
0.3139825332647632
-0.04948678542299656
-0.32780086668762287
0.5143970408000995
-0.15566983845858817
0.48822162029347904
0.5492111323673305
-0.8816219415237005
-0.5790495863403451
-0.12169343359912
-0.588080187161155
1.3922272498844857
0.20948884864219264
-0.465418967656972
0.9640408548331723
0.8126132934611967
0.4234062516474433
-0.3291928285173964
0.08484514561259027
-0.06602153155617052
2.516654013881003
-0.8719862156205715
0.8732895454338601
2.8696657113638
-0.718607071799507
0.9854973575832504
1.3650535625865075
0.7188590663310472
1.8537377615558246
-0.03288347052707219
1.621151037760102
1.3861886007904205
-0.6000895245607787
-0.5052272728764484
0.6698715500773869
-0.5424332940817587
0.685344619406715
0.03382162417805179
0.8934011529160026
-0.864168108502918
-0.3965996015046451
-0.991668298048888
-0.46122634714703525
-0.471136285786401
2.485532273545738
0.9986664401094687
0.8949527294000863
-0.6275963510741893
0.7104999143581612
0.20216919639705155
0.04601562308193485
1.2228910950484255
-0.3222844389047306
2.118353013699334
-0.6291354458134237
2.406886844020616
0.5903990472119025
0.44747316840465245
2.868926757062127
-0.683855003324372
-0.23476000975664313
0.8372176037444483
0.46906792561520194
0.5990113318654091
-0.7071244634762648
0.4772557008111735
-0.4526165666854782
0.055068386522404866
0.20150601825719816
1.0821774593025417
2.4606580149776205
0.6573316883854499
-0.4598975894176076
-0.6583695982647766
-0.0023126203131089706
-0.48289511687800557
2.4143682186847046
1.7698174195367262
1.7504950958373668
0.2756880390141163
0.0214048031276457
0.5378988091186792
2.5415471430624823
-0.8912967574708153
2.195339508422219
1.0239281659857147
0.28724598386728406
0.6422508882969848
-0.057288076855143144
1.29840294247208
0.8613074765453359
1.3597520045776477
1.9099795423014536
-0.6169177449754919
-0.5748939193835456
2.0510239795892273
0.5738440399226974
0.8469784745152302
-0.8231994141032315
1.4798602048904468
0.8442932290465068
-0.1062132869017014
0.031525943263820855
-0.25761650887549603
1.8053501472935527
-0.7338847939956397
0.9958271904205271
0.20238180966605435
0.16835106422143964
0.5515561430229963
0.028150812970255235
-0.7448476074513606
0.4709656241983755
2.87376369170782
-0.5490527174764079
0.07868766569905516
-0.21717315741156495
-0.6873134882752758
-0.9693017732837597
2.947220550043315
0.7652912925471971
2.1691932446169155
-0.98388555111547
0.5854378890609919
-0.7530057466267517
-0.2677814669157599
-0.795470113609047
0.5015168967166532
1.8608368688069017
2.3035277633758904
-0.7697856537406857
0.3604452321409153
0.7330081130481114
0.4871538560541657
1.1861344629705846
2.843406998905805
0.701710973454823
0.8001655506589789
0.6851214329614941
-0.9711160633087024
-0.45527514279777503
0.9892869797343511
0.7256796838945563
0.5355172901090755
-0.4203519570824874
-0.024535982101331122
-0.9852063374473701
1.3632050150750339
-0.4962550668970416
-0.46312046173334
1.804978071878172
2.6554423021644245
2.8602301712809974
0.7065663155764683
0.786133209956754
2.1934940318362472
0.3542407394548728
0.3710499322641907
-0.7283786652239923
0.8233995957159548
-0.7228431381486482
0.39649756826196025
-0.11111360484531385
-0.42045133947929525
-0.5981785268150484
1.3438169452121969
1.5354137979071703
0.8634424260838414
0.7481825268795306
0.9279092379587959
-0.07289502354198385
0.903884937846797
-0.8913247937016089
0.6740002116675823
0.9251808261447327
-0.6815374422588036
0.8373312136881692
-0.174135124050373
0.15158975403103514
0.13187523036023574
-0.8508706933937416
0.46311084932260793
-0.36021082546063976
-0.03152672867164075
0.11187691794956423
-0.1523210463375797
1.5447664484184922
2.180066647056952
2.703488499671087
-0.742914161999648
-0.5366148314946961
1.253162576302611
0.642916505910091
2.1988487671675534
-0.8827178368837829
2.3618526587396715
-0.4303495583666974
-0.26776364087750704
-0.8808700280311996
0.22813515298149478
-0.9509029349389102
2.4486444950922372
-0.14860935432969002
-0.6492470900215448
-0.34645082066681954
-0.325311668517442
-0.2764502400371518
-0.8833975589518837
-0.10116560261468965
0.2835791488508854
0.8156461992442652
-0.6985120434847722
1.2002871013301644
1.5110350445335476
2.357519993261705
-0.8560434152551986
0.5199145193149579
0.5670407000354623
-0.8218202679316247
-0.46456777391322834
-0.7050222608687027
0.9748125396121703
-0.08258051853613746
-0.6790146166352804
0.3018833910030225
-0.866510100036157
-0.42777718357294026
0.010160803624326364
0.37780482701349083
0.9391248828598957
-0.3883392934124692
-0.47781807537699494
0.9487798487405545
-0.25093685312027647
0.387289824367834
0.8776432278436026
0.20209958150950103
-0.6566663809705586
2.803353195444009
1.9461811524334454
1.0592317378037714
-0.3278994879744377
0.08345662109690122
2.6597229348204454
0.16013120837453054
-0.8715726847900589
-0.823547184692109
-0.5038679124297036
0.971237758958043
2.0516352450391846
0.4269437595415313
0.06260900382956525
2.114461432196061
0.9954669887278798
-0.37621922087077064
-0.9491370370896159
2.169809055133463
1.89430651456443
-0.910796347084712
0.2102803967450373
0.8057221232596858
0.05533326535878724
0.9322710188925771
-0.24451264263618433
0.7034265954960055
-0.4631151481989406
-0.4099291076039844
-0.6253795846369123
-0.20902224585197793
-0.3335512804988232
1.826197371159184
-0.5309390782439327
-0.7085371822486008
2.1503619208967493
1.683043963696991
0.685447624643124
1.885993216294408
-0.20033768984524647
1.4112983924382934
-0.6138767147639799
-0.2400888709561555
-0.8280045018593065
0.1271985394805919
-0.3416286986367809
2.6364555974711132
0.9062229937824657
0.9654645189255031
-0.9847978392889647
0.7643506823086532
0.01838495557871722
-0.4800810013757786
2.965501055754962
0.39206694755305893
2.527405616898627
-0.45852587780766285
0.3002157791093327
-0.7928845723168181
-0.8728008028534691
0.1560993784558904
-0.5552459882953533
0.7459561301968534
0.8116805551637047
1.7648485055239016
2.4120288782225243
-0.8062989640061629
-0.2050503563454733
0.3186008038621915
0.7495287266499016
0.4982207919283015
-0.11089825408578813
0.15845790256577352
-0.6189911645003041
2.6167007531790007
-0.18440042101836052
2.6089618903912672
1.2265153227754093
0.8813102777649868
-0.35405395199493217
-0.6014131873179287
-0.871557175106948
0.34720618656001956
-0.8015701608243679
0.6503125354875245
-0.1515780424008224
0.02898820868734453
-0.34930795601132436
2.236875402528619
-0.06230462976733686
-0.14303588006441448
0.9735079725799516
-0.7673283715728929
-0.8829797718533765
-0.4323730147524689
-0.25028576007183134
0.643666696358355
2.3540445018090876
0.238716742166881
-0.16703217732241438
-0.6585038618834502
-0.709164308576504
0.9981089832931398
0.5557932708487365
0.2818500979471352
2.280993494390178
1.1607309835895776
-0.4477682234900815
0.3358200864734331
-0.13203881372832305
0.8100441263508658
0.8080258412984749
-0.5513407710631038
0.2572230651176073
-0.9246058261483494
-0.8007091876398877
0.856092345129496
-0.04296614209727956
0.6186333638791284
1.5503223685962886
0.43900361790084075
0.23223015437683148
-0.32315223637906754
-0.42199429039304226
1.9656372606908876
0.46510480429211976
0.7627858448365825
0.7053693337034088
-0.6024525509565188
0.3429511497930535
0.321206536986552
-0.44214241637119445
-0.5008260751603555
2.949195162140426
-0.5892733982305385
-0.5367455319590151
0.674293948360785
0.4969222032787446
0.7491105319594087
0.5545724736072675
0.896082893680104
0.9498594505439424
0.8069507424017202
0.6241030245219934
0.7030334611271478
-0.45523829669712845
0.29219673244626243
2.4410882011368846
1.3816882154696637
0.5816626026479457
1.6839116147145303
2.201847306502164
0.2395169801253989
-0.7213019511778249
-0.14415062414373803
-0.3315541364471204
0.5054373825977583
1.0627232999487064
-0.8202402860639482
-0.5588806349275373
-0.2577628579080191
0.0013845541696007047
0.43336815750988733
1.4172494543697558
0.5057847477927648
0.5300249615648025
1.5004469661156978
0.9936254253408248
0.2973568923955263
2.730718425594536
1.252394309341906
0.574128758292715
-0.5036672889756373
0.19422839110196755
0.6717757878214139
-0.46180634546453736
0.9467119332425631
-0.6496202369199722
-0.21407160567655326
2.6707987040012187
1.5203681459945144
-0.5316416935071067
0.5392522271682949
0.9528958953051065
0.920615200231532
1.7925123376319567
0.12857019283806403
1.9328961659022585
-0.8307982730633643
0.9998145091718111
2.8116913129073002
0.6981203418499593
-0.5231651954333933
-0.8195011598749062
0.3381765011807336
0.16289524195751182
-0.9037337637499425
1.7825991056735346
-0.26787295540248746
-0.34634349690325483
2.7357918663692757
0.4620362742320441
0.6941913304669445
0.4262055485397449
2.799185949580317
-0.683308364666195
-0.9265814762112226
-0.21010048674564663
0.27439345130193193
1.6731302805456885
0.4467279228689556
0.08541649795571327
0.6243079184194109
1.8997878187661061
-0.4647613944236657
-0.7573322195774235
0.912317892703012
0.9728595048343689
2.2395853588839922
0.9007922717076031
0.3951751238205976
1.7488923685837805
0.19119707299042044
0.4159700254365464
0.04713557065484175
0.3440251580838487
0.26477994096199886
-0.6860650391559917
-0.5143818646329317
-0.3207892441880962
0.8189566049977548
2.2249286468260223
0.7652319715915186
1.7486826982756507
2.95484602354819
2.657564530100709
0.714598825763179
1.7351213385439779
-0.8723952159982504
1.2195025723828452
2.3955802761055676
0.01573976125480203
0.16930416528389625
0.3322695618036371
2.295187212231652
2.6817239645106863
1.77393676689383
0.41633568300059953
1.2744178813759812
0.3749873987976218
-0.1393720793374027
2.6155291614846994
0.7782836060047003
0.4382575454601967
-0.8732289279765588
0.32683621095322946
0.9789467286172542
0.0026983750359614866
0.812509037843355
0.8898442631722936
-0.6394963612888112
1.3133482049103113
0.9137589224808167
0.10019703039301642
2.596430926090787
1.9420220042181169
-0.30996961896924535
0.02096973875852637
0.313314431031136
-0.5009544285480145
1.021207767996052
0.7752040203490007
0.4431179192183017
-0.5093754461158484
1.1597871722242414
-0.5797137333763815
0.10933587538815726
0.6236866904038358
-0.8081125512846712
-0.23721259585247423
0.3777258511859738
0.3189771650821389
0.26567148088295545
0.18590818118055297
-0.4940668956608216
0.4597262706230336
1.5723968630944305
0.7228637527622843
-0.08426949972746955
1.263654497224312
-0.12351059163210643
0.8616420385332253
-0.2033584490815552
1.2175934581078567
1.6290057454086717
0.8719575134191295
0.7006909616020345
0.24783216695976984
0.23979069419079369
0.9402387907900365
0.22586585648541746
1.433955564391958
0.39268217083427825
2.141372168452362
2.7439499767655082
-0.1279822741274712
0.6275941888936234
0.12081430686213657
-0.2868745972794122
0.5192881948300732
1.896152823900295
-0.26085711699165604
-0.9250058114892461
-0.8356812530587683
-0.5011579620056341
1.9097497887769384
-0.4741423997178955
0.27255861177960616
2.6680902039520804
-0.845896025652735
2.217926320118277
1.1702268223335492
-0.10564368022148152
0.3276527979026871
-0.9199748103890464
-0.37587448785682165
0.9721080099111483
-0.9275262719434252
0.8325980052713353
-0.9971186541803754
-0.8156290647161364
1.3081730920191597
1.183189512957238
0.39120429972436854
0.24377988258802463
2.9951634305499266
-0.3846602380060775
-0.3155419612987802
-0.1991628005963335
1.3972466668823624
1.1951172572914777
0.8157078471881893
-0.05340861226738314
-0.020214182427442884
1.8889920694202464
1.26484577039797
-0.1516471910444046
2.3081256402671446
-0.5996230451567928
0.3731095166294718
1.2744038353725031
0.2777881716477739
-0.7471903408975045
-0.7453948392334397
-0.6399379037879267
-0.497749813412389
2.183268333422664
1.7330325103457542
0.42849588220750245
-0.6482187512874913
-0.6137241229347068
-0.25314399254865205
0.550385616691661
0.027132469377586066
0.8419157668395534
0.32593558868665884
0.711165018543586
1.931435744770867
1.2229423159193744
0.9963048579108384
-0.9336441721815145
0.7669376397034067
1.277541856109859
0.09393526379570583
-0.6908345582916557
0.858354397289568
0.13086137450784951
2.8224553310935647
-0.2558049434504348
1.0855224763353568
-0.37355164923360507
0.9168492341183891
0.6124307252053822
0.18937780586286213
-0.9753435573882712
0.1170073860002605
-0.5853657863215918
0.716639983965458
-0.7664318141783755
0.5504962865238638
0.7019723686074062
0.8000094349299014
-0.5111554503459907
1.5972501035886157
-0.07738628677513781
-0.8204649477692736
0.09182321642210423
-0.04140334204014229
-0.19136438795834287
0.032564760253508185
-0.11247491426169409
-0.10104690716635112
-0.09784731498905663
0.13714567015514834
0.5298636768381415
0.6117135560899665
-0.955262636055382
0.13770932018204296
0.7081142312069517
-0.5860321921021552
0.3255760835506667
0.09017592597834279
0.22861076191056773
0.08811701481562495
0.46834355104312575
0.7094741575558634
0.9008433671200298
-0.5750876496340249
-0.5646692999196212
0.7196875737320225
0.6371457028195417
0.6025093357396121
-0.6249044669161445
0.7299089964878651
0.7325203218368377
-0.6396402800597045
-0.1746528514543313
0.7963858990624821
-0.7510399101564309
0.595714706341407
0.5290637254094659
0.5536108017519381
-0.2626645409331996
-0.6745926000138989
-0.1437599224336541
0.5587479471045189
-0.23486198721397322
0.3715177690684721
-0.7267067676817238
0.08949879008622363
-0.7774305831238169
-0.4412856804987133
0.678252576149464
0.6580049199329361
-0.36789169035099345
0.9347026452725129
0.07464907422793021
0.11555000932614723
-0.6883912632986782
0.2488483689280676
-0.37418936295701366
0.04729826609615273
-0.08962747401943405
-0.33861419582153474
0.3713453061737404
-0.6686012409301281
0.9795046864931714
-0.40893697356569136
0.7114346688315849
0.870979176243281
-0.878123739809566
0.8949627616937403
-0.25155407633801063
-0.012369946397554399
0.4614285836990306
0.24362038947756437
-0.39015739673555005
0.3685652410047866
-0.9320325869639405
0.17545408199742107
0.23843010044668533
-0.6847128824067998
-0.13927385712142648
-0.3149024526820634
-0.8951927189793194
-0.9774988135200242
-0.7453580204481456
0.940247089300728
0.19987242312462006
0.3276217269351891
0.6218237171047978
0.3997543187978103
-0.21399739486359715
-0.033762525024567
0.4420072317666015
0.8413222917386731
-0.6509742304162804
-0.7395596654659207
-0.7132431630056244
0.1891497286857271
0.4527471004557668
-0.14053248801652152
0.7884699490606752
-0.3882582447333527
-0.23903548991019585
0.16820371147432045
-0.5671125154376817
-0.22386026734547948
0.7714271395956991
0.4458620504145314
0.6255659314179207
0.633656023276794
0.32430631680945554
0.9190723536187906
0.6787210552932135
-0.7959896885582585
0.700806492400631
-0.8505287367571934
0.8377210286481727
-0.4112482399472046
0.8821987927437507
-0.07727214942498017
-0.38448953877675995
0.8226274025233009
-0.8972347918730905
-0.7261582775601687
0.9360308302544131
-0.9147823680635465
-0.7897762030178352
-0.24323994931527237
0.058955229944855025
-0.01000229274731268
0.48638864982127883
0.41147437637629625
-0.8119817797468389
-0.7599386741632561
-0.293538579875702
0.14751678551637815
-0.04931130176854848
0.6857913121077812
-0.24220872220341816
0.13673473963827454
-0.47277853356712063
0.6332288433071511
-0.44081613993021707
0.685444316406213
-0.26662749615106884
-0.042093444420428616
-0.6963532344531038
0.029762234707141566
-0.27162750159116644
0.41053505157378356
-0.3727125452740849
-0.8150025728306403
0.4806573203303446
0.7372324246098194
-0.5615307777090555
-0.8227508119030458
0.8412390235422131
-0.9367136703833323
0.7060229511786158
0.029248468918231962
0.8809692079367781
-0.49526404161755133
-0.01000103602520741
-0.8319049020147924
0.6184549012857403
-0.18311360779050756
-0.12772957249112382
-0.17676104379163604
0.1921935942146087
-0.07011853345857744
0.663117803989558
0.5626966509385096
-0.6487817540254466
0.8935941304204658
0.2768308873042382
-0.37610697902209167
-0.38088008683012275
-0.5445384973029981
-0.5339735882317775
0.47758250389685153
0.9413396808596914
0.027948953606238502
-0.07960650401006619
-0.07311484133642954
-0.8382356058590903
0.38235612780867556
-0.9371088293251382
0.6756978907216356
0.7050476715399654
-0.7029776504051317
0.06084079246061491
-0.23866641057022941
-0.9416088338109507
-0.0524743461195436
-0.04841759143312263
0.7124590251247813
0.89156683029748
-0.35710668357210906
-0.7439584145015639
0.33141957523963317
-0.24100023987131225
-0.3860962438220552
-0.8518552863977018
0.9810390474629072
0.7418218342576077
-0.7401763584708476
-0.007706711339833916
0.7385403611229344
0.7478826058574397
0.4044033666785929
0.811642867617199
-0.2673517766002529
-0.10620735447565655
0.33365140385000047
-0.14923030171079188
-0.2762802525347472
0.15789004579011978
-0.9710121086038606
0.30358322344033306
-0.225098128525973
-0.6854007559084039
-0.5715311491151913
-0.031244343875897806
0.38198206108287813
-0.63965475025012
0.3114129057977717
-0.034909570734850126
-0.4939482703534088
0.464398578506392
0.6815299000821065
-0.7206167989019232
0.7944716104636056
0.1691709334683691
-0.47988047094393305
-0.11219442715493488
0.8071169976424128
-0.5021162505274921
0.5535160010107709
-0.02478918412926001
-0.7534554524836721
0.6062799059918584
0.42922326006809275
-0.3273038733305236
-0.9184738405457329
-0.8508842787310855
0.9938978893601844
-0.5246120324740462
0.7002116231168756
0.7776721946446437
0.6465045814476125
-0.19948686641311908
-0.4020924515140021
-0.5339225628448523
-0.455205306815063
0.11367174063848084
-0.5490843899716431
0.4268490247909542
-0.9714467841249281
-0.7699469381377304
-0.8051702449477642
-0.6332480073392097
0.6351529908014031
0.49689782939480653
-0.0019092633746249366
-0.6493858926863794
-0.4493023179300979
-0.09723650720299859
0.5056573154680162
0.29962655524371806
-0.32705913036398737
-0.6925191857634652
0.6715916440042973
-0.3164117766632817
-0.6271067686755951
0.14534469729922028
-0.6984832482319276
-0.23923035052316566
-0.6761787515834827
-0.5476254239687781
0.12775752787283134
-0.9833219200825214
0.8465542077096542
-0.9789338957858926
-0.9537047634850613
0.2766526878968536
-0.5276249928599621
0.6275609887558449
-0.06817749607895496
0.057252076238752725
0.33789390344863546
-0.4033719292076958
0.8594729081196302
-0.5912660852735006
-0.05317442917597415
-0.3093765137230058
-0.48689227060062135
-0.10799261715446007
-0.9176418361441563
0.4669443311347048
0.15140918074490406
-0.5857081558637314
0.221107404713629
0.780066348892184
-0.3182344229237293
-0.46086451999926115
0.7916623711355466
0.06442092428919644
-0.18499230540441713
0.9985446767910773
-0.08471506711058341
-0.5163533006998418
-0.09258252899550534
0.02333823236416044
-0.6010055963937335
-0.9149573584678892
-0.8646164830246741
-0.6501504371414499
0.48864032565113
-0.6060569743047777
-0.8045677533410454
-0.5213302853133499
0.40326284457076067
-0.409048801330834
-0.45468244291964655
0.9517459898039888
-0.9429758829818118
0.9574249865795625
-0.009341904730025385
0.24738554263089507
0.5017893887774325
0.06302205779109649
-0.27618054505935064
-0.7703016999852059
0.4676621111785966
-0.4569548273218511
0.4795600474257957
-0.810198242293001
-0.25072406436872274
0.9086423340508569
-0.8764894239403134
0.6563087043585829
0.3664841038340598
0.30194820570748493
-0.695182568353691
-0.7109727499155225
-0.41608180555618124
0.8734660090960993
-0.2168135674342626
0.8990731295851531
-0.32280053050181334
-0.36342528819776154
-0.9861293952996599
-0.8627469509738381
-0.5089881299198633
-0.08567735427771583
0.03764917352574404
-0.4300468916784912
-0.4477899146893338
0.25761968563038584
0.04475613965635605
0.46375847161788863
-0.8637188738662938
0.6386946803628906
0.2666049425084218
-0.7107934268526064
-0.3476877203934381
0.9300517486913773
-0.31425445121561957
-0.543007186473611
-0.054565282373150836
0.6310557716606211
-0.3769777617451806
-0.5729287258312519
-0.5647865745061675
-0.33120351884546584
0.7306853113130733
0.6763616923297122
-0.7992952341192492
0.40868055251261803
0.3497320239441859
-0.5312228012296205
0.8920734115066287
0.7460118615868028
0.12344623768240548
0.9982492472728848
0.48590662332974843
0.22170543996970848
0.17860209130573224
-0.4850988745293696
0.6504249263217716
0.2786640852131097
0.004643720348027625
-0.891576982289265
0.45297475093046513
-0.9509865089321377
0.7866525104574762
0.4403103327850797
0.2698947155119886
0.3740442994556272
