4
22
22
10
8
-0.7711797250929777
0.949987247907025
0.5159722773268014
0.8623753823913973
0.12595008069446667
-0.36234488864868397
-0.6428099870267243
-0.24101456795139997
0.578927048979623
0.9228125829339509
0.11142272954452226
-0.5325162359916393
-0.30331820779343266
0.39143424545142613
-0.3805031222649409
-0.5661836793647841
-0.32677873017781733
0.2918558928184256
-0.05758364392529569
-0.2520697995916261
0.43022412080117234
0.9257490113954099
-0.8170138770208
-0.35427019573948626
-0.7944625010788244
0.8675805569472614
0.2212637987033932
0.36237629896878376
0.4711819866912752
-0.6775662722160694
0.18201524956608006
0.7766885628145119
0.13673561726248584
-0.9800440658325842
0.6808663217907047
0.28054440911236145
0.3787348945429754
-0.557409573884454
0.9368582411980628
0.6138218572518879
-0.36600479826779564
-0.10086065220824048
0.6926297012726359
-0.9754396534981589
0.3045185548439504
-0.019904285862940796
-0.4505357934061167
-0.9543369978489882
0.5439242739849546
-0.7309267078643709
-0.19704228465258034
0.4236013400410512
0.13010053942701405
0.8350537540863132
-0.8439240658330318
0.29122396865152056
-0.12395667345940176
-0.006939799486903375
-0.21011291775693408
-0.454087294235209
-0.7093864381560848
-0.9037414958556398
-0.8117282419496099
-0.4240309837475409
0.27320816092511047
0.7103770624678223
-0.1585737656448829
0.9722546431852934
-0.4888914795786927
-0.578273379472511
-0.5060076761799324
-0.331249071666337
0.9455334111919533
0.7429929305220029
0.957161159959258
-0.9251574163283822
0.18218956849069667
0.1063647198790052
0.6701156974623981
-0.8062291888907469
-0.9556199656800024
-0.22854885771771727
0.17469009084019693
-0.5341569920295419
0.6014938413626194
0.6258324440947327
0.4581423016298054
-0.8683745369904143
0.9529682980976122
-0.6810208359243108
-0.2775504333131207
-0.7205126273168334
-0.19242113550392892
0.945664744120065
0.5545531674338735
0.423503855345823
-0.5298205563191554
-0.4171114176909636
0.7004951298104114
0.4518670909875995
-0.7672209345606085
-0.6152848026184314
0.687403209336968
0.09259558386404976
-0.6358915375938554
-0.34767237281578356
-0.6092017279360755
0.6624710004255299
-0.0984049452564475
0.32198301543174535
-0.6892875101486302
-0.20322619938142017
0.27192992724917486
-0.3485515579615621
0.798622514991723
-0.8984707981826121
0.4011772325345031
-0.46411320673366907
0.768217941566051
-0.7733850357692613
0.4226403764926039
-0.15294769749430426
0.5265409156392009
0.7272245680146245
0.3504669836141723
-0.5349535799036356
-0.7219524553653662
-0.7371819777291069
-0.8407614209531811
0.25977465604182526
0.5826583707891957
-0.8231648043961521
0.5945572412941933
-0.8203630966110242
0.5898805150294302
0.3070855277427842
0.7369073428992272
0.8178727836780697
-0.7754004333563802
0.9958698284299268
-0.14916445127849154
0.3523755408602909
0.6661546523289199
-0.2994707114932216
0.37375833024653127
0.5926782376675834
-0.5591732933247353
0.3492591237208629
0.0334716512196529
-0.9817944783178534
-0.7611155827552811
0.6436626790920612
0.030703138454295065
-0.8452227407788557
-0.8291513157675174
-0.12133507620792883
0.9828125546897792
-0.5882616696408307
0.5936519456378468
-0.4679574733412306
-0.10298730845652315
-0.410018953125562
0.8658841487904247
-0.13002972999757922
-0.17375299091057794
0.6715174831949482
0.4323330046084155
-0.8783771057248102
0.058127799016888915
-0.7858517994853189
0.4915414586348896
0.3950126646663854
0.697102515945832
-0.29983398449266385
0.16612133420492858
-0.5621166098510495
-0.6777170881758998
0.5259229252424773
0.5740775963434279
-0.40837726355063175
-0.9618633151885725
-0.030519854796513757
0.49041288859899534
0.8427940428552734
0.6825062153998065
-0.5635498868973816
0.39179857791376116
-0.25396863370648637
-0.7838135600504486
0.5595319332060038
0.5931129881379711
0.17368001195114458
-0.6094422531525261
0.3151307825515979
0.913164191863383
-0.6582926451047375
0.6745361720011762
0.22084305341644006
-0.15207068826835424
-0.6319520793012683
0.11936898912766747
-0.1095199483220064
0.583159256423692
-0.2613118327586712
0.3495687978567439
-0.25130746258900905
-0.6557880620550165
0.4884366779555509
0.19054555481706337
0.545150186270329
0.5594938586234943
-0.3525335836303669
-0.4217389828011182
0.4586204426418523
-0.8950954287529069
-0.4386445746790977
0.3434959801638833
0.044180854045088536
0.5001953445305107
-0.9385053334346425
0.22308626700418155
-0.9478090499109715
-0.6558322107405947
0.1443704186136332
-0.977250908628063
-0.7644601437136047
0.5041543307306355
0.8123705774087275
-0.75911299480351
-0.33792400923014565
0.6162384623543933
0.035404358939251646
0.6600221740774659
-0.2379837553073938
-0.6938126277968741
0.4117654904253256
-0.5777205179868095
0.3655232199754166
0.20708637516291173
-0.9616901814913144
0.9276027208753628
0.32352827511746995
-0.6718213390204022
-0.6558414159363304
0.5281531220152473
-0.04472980139964711
0.6204315009869124
0.19877957611212915
0.4396062113763768
0.5289091937858694
-0.31213659435382546
-0.525561061208359
-0.45017284623815446
-0.7430330833960006
0.5096842550766347
-0.5753434346072863
0.8776721185065908
0.4453402981466349
0.7668151915708488
0.734439023844488
-0.6805731067975387
-0.21782967899012662
0.9073706131471089
0.9047054908642302
0.017661266083035976
-0.09925785422994515
0.43920019543282973
0.7524602933870941
-0.8029575480823508
-0.9940279850940226
0.10360565788944198
0.23990918734666788
0.6339163588476995
0.029441939733375166
0.5628602112092238
-0.4101447172082515
0.06123199313931904
0.05832265574246698
-0.9748229028749771
-0.2986485649629156
0.757648616278696
0.18142017556690093
0.8342872270853738
-0.7512724962582822
0.329432261978299
0.11811483033677539
-0.5331981753802051
0.5287497082209305
-0.733987176900823
-0.3470413711663096
-0.3909472527594191
0.11481217285618794
0.23483888531899377
0.29908747294673876
0.026117588747372134
-0.31630068347839635
-0.7215665255169919
0.3264962826033513
-0.21074732427425924
0.9995998027037707
0.08631876547758144
0.31661394654852404
-0.9060271152783648
0.9716924315945086
0.3367442543719845
0.7425078431857841
0.379532342192612
-0.05423417598940161
0.7379174952172292
-0.2755636380584161
0.7515768226631951
0.9469736816808241
0.8457035696070965
0.07335961243367572
0.8132523227784705
-0.5400317767732827
0.9945234774668434
0.010408865765050068
-0.07392780847150893
0.5142953747935772
0.7504485123990661
-0.46179445916958506
-0.3496410942510262
0.33707560429757866
-0.819747532901625
0.3403119803094683
-0.34390645432828637
-0.35836550511278054
0.9274499589395044
-0.7020141838064773
-0.2514791762215347
0.7398889850076884
0.5961137561732013
0.23880106893499486
-0.18112657023980638
-0.9020657513387547
0.2655308339512086
-0.6304096795280512
0.509095282906673
-0.301581440448522
-0.9064787419233933
0.9965506672532516
-0.829541326878422
-0.37006767774979243
-0.08648937849202976
-0.40175004978273865
0.2994854911963254
0.6927793188437437
-0.5097880214504165
0.09265782838976322
-0.9494002052623784
-0.5078611808342319
0.6710384052421587
0.22721770107340467
0.6534522849969617
-0.5162333142810873
0.05513410085685688
-0.5786330175566041
-0.39612435632198406
-0.2559741251696386
-8.235993166365585E-4
-0.8961977414546873
0.3509425177754528
0.8551758032117411
0.7888671581991893
0.6121780130470857
-0.13138405633994554
-0.7715081554376948
-0.3727022917410103
0.06081693416420686
-0.02100380152909187
-0.5680737261813644
-0.27386283864119765
-0.7675986822550249
-0.4148160291643199
-0.35433765652599836
-0.7671406592707377
-0.4874942196609664
0.07529574468905476
0.23805504915904496
-0.013011098633766816
0.16122097394496127
-0.9248175045722851
-0.36390936718829536
0.17061417908172527
0.8040100955409029
0.45591878635080163
-0.8413599423023395
0.8031777736368162
0.9243297324582924
0.04314457556688489
-0.7125799664701473
-0.27217626977844245
0.35343713820881595
0.8288579596158847
-0.030282953570547555
0.24634407352200993
0.2781974819258539
0.6522727064804701
0.9785707275179953
0.8820343421049914
0.12559406730845457
-0.7051302325537692
-0.8997481483407497
-0.11546793497972563
-0.16696379421179364
0.7257879878899982
0.975513373953564
-0.9620204307839788
-0.5235505803293641
-0.16278531996876122
-0.20976893348378578
0.09361592322653256
-0.9964765225696295
-0.5745478279811191
0.6926924823438096
-0.2798292967162419
-0.09261549870872843
0.4018519968522527
-0.1910666051592882
-0.7498042983688917
0.07634755986190234
0.25882516403824574
-0.9658390286476457
-0.3022614653303548
0.7682975540624064
-0.33034956338563504
-0.6025561604799174
0.5325255291552997
0.6836360512551274
0.7668203754158627
-0.27150996783458625
0.5180886424439537
0.4486227323894614
-0.8778211738109865
0.5994740430909242
0.5560363088659754
-0.5286691404199861
0.7431204274906136
0.07151529335946405
-0.07406757078541149
0.09532655744916219
-0.4973625475358381
-0.35544959285625644
0.5700159428202163
-0.7484278817891936
-0.6629845581753693
-0.009017353933812311
-0.8557434287433516
-0.6030551180789194
-0.726505805074219
0.5476328762139306
-0.5579909579419997
0.42815321479529156
-0.10877282538522515
0.847155784378919
0.4937940089766062
0.4727217961508883
-0.8276130583594195
0.5892273388982454
0.15649889287422147
-0.015890380232374213
-0.13371934942971087
-0.1165514037209967
0.3275576730445957
0.4059138811072802
-0.532144889937316
0.8400530268634943
0.05443436854493222
-0.17949582146608933
-0.29701387859537376
0.7411438192763606
0.7570007119785993
-0.5396779711477866
-0.9835370474740734
-0.6056712861472251
-0.45983632152940856
0.7354709725661639
0.974594151737701
0.9522617069902759
0.14636487845002333
0.5191132971132586
-0.2771232921147453
-0.524260979149838
0.48233834426578515
0.8325805773466453
0.6801858081903698
-0.1753597152225177
0.8517802887514885
-0.21500502602577032
0.5044585920932865
-0.919855743019824
0.07826476171016239
-0.3524107752704686
-0.9691392604337679
0.6332901508720123
-0.8183219214141273
-0.7191956525469876
-0.638060266121002
-0.6809040185285724
0.10785554879872739
-0.21736606229731437
0.5802857646524924
-0.46791389850153875
-0.9449204280512122
0.1895752383956626
0.657734794994854
-0.8717797589541847
-0.7950236963589781
0.33693681566876554
-0.948833825610321
0.09985810428946551
-0.6656763498237053
0.5731451341824081
-0.7965393952832356
0.504532083672981
-0.12930569368880218
0.9230803445133207
0.7092022606338395
0.9349444796143234
-0.6912047922268527
-0.4916352881684791
-0.741778407233328
0.9367427219061228
-0.5429522220712226
-0.44208346294990686
-0.36390587237280436
0.21226926280659653
-0.6937830963659923
0.17997226179334658
-0.9607760817915265
0.19262272322144214
0.44666456495127305
0.21717259767503805
0.7531563596277164
-0.38299352721282665
-0.09193280141895044
0.9691958292005811
-0.15371819135601728
-0.8725167288704176
-0.9447959697126538
0.3428151270577362
0.947105764726375
0.5688937816112685
-0.25431339529166563
0.07714521133805174
-0.5982226036879739
0.6778378761035393
-0.6597316994301639
-0.9077645138040942
-0.8504154717382404
0.15125835513932695
0.35363494374127713
-0.27794326759377697
-0.49236247928610455
-0.29569248113544955
0.5433463261733549
-0.381680546751221
0.7219812060992667
0.658816748412699
-0.9431377895461563
0.4494528598358727
0.6208895145251492
0.8478313815530281
-0.10864780854618994
-0.8305372655073979
-0.0028880939142930107
-0.8216880015369201
-0.6317445639795582
0.594279449117713
0.4493585930507953
0.0632456575877236
-0.41567930033912326
-0.7014047309010676
-0.6706755693267445
0.11604990244471258
0.8731236556068287
0.43408296452646566
0.16906944512913857
-0.005706763509880197
-0.8041769143889077
0.9702771258753693
-0.49541213686596475
0.0863974301032513
-0.9228154775335891
-0.9277096118026467
0.3649141838053236
-0.1458739160750171
-0.7873356840493273
-0.1450720667084111
0.8621297892139721
-0.9246946074192672
0.19461352545684485
0.590653822207815
-0.7038503131864664
0.9753639626002626
-0.05957420132880231
-0.4007472547615467
0.9791841283855305
0.841791617359476
0.3527201718071826
0.5099231666746609
0.5882862914737796
-0.30622920726337366
0.5014146785852034
-0.6380735224418426
-0.7295884271671229
0.7284537242270129
-0.8101882804785618
0.09780841658347295
-0.04706911105659728
-0.27038822379082417
-0.8484166234879422
0.40359989229898785
-0.6464444959790518
0.1275684357348621
0.3228085679290795
0.5632944090175078
-0.9628538112858736
0.730753939077303
0.6429811300264412
-0.979710660761534
0.5328958171156457
-0.6121844141021204
-0.3388272896678093
-0.32362881227052553
-0.9961104291761858
0.14157203941349383
0.858300105735041
-0.39078749852844874
0.25206297176367176
0.3170141443884671
-0.9562876113156746
-0.1477586882938351
0.945093102958672
0.06172274846678305
-0.5559209520721586
0.15613329338083015
-0.132225166390322
0.13783735027341826
-0.8251748261853327
-0.7609325614179161
0.7289480058045981
-0.7411505753993057
-0.3308734581687054
0.9332778150586589
0.5960592360068502
-0.9288651458429622
0.33674194058026274
-0.1516774622678252
0.382955546154778
0.9992804029425324
-0.7652736354285621
-0.3031157418215522
0.9825239769324126
0.6059009096303221
-0.1456656660110307
-0.7331951430942647
0.6143068513706795
-0.13921763977536172
0.26318770242881895
-0.8265510792952053
-0.2517628343369853
-0.2291708250449791
-0.21095155100436913
0.9893808764001286
-0.4308450490931106
-0.8085676516932694
-0.8086973968148383
-0.8762687894615078
0.36278102002947477
0.3215172155575068
0.8385265600548972
0.9115178530957402
-0.5676599367180053
-0.6213298696342509
-0.20472690058306808
-0.22642036842665503
0.19604010655604798
0.2573826132650665
0.9184802042784854
0.020669054240338713
0.9691321941651678
-0.4074058996820642
-0.92632943474917
-0.09935793560550321
-0.39971172830689206
-0.4176462420416198
-0.5966234712138883
-0.17442577792255642
0.6105524364896877
0.1675624045584141
0.2149897573375288
-0.6339783056547297
0.7741351819425994
0.723397451090219
0.5025008037665333
-0.43746262917094114
-0.8161639005100987
-0.7138374981204876
-0.6236397037262198
0.3799423611282178
0.7598965869747043
0.5209459348081296
-0.25204285405161686
0.7177445316331819
-0.11040030167720971
0.1296113617983814
-0.5000225419160764
0.29048475717319144
-0.5740510595869868
-0.7947143301537667
0.07117036889839734
0.9046844261149554
-0.37272514333515927
-0.841351282408713
0.8938157025431734
-0.8155434812187672
-0.21436731389825736
0.2729709974645502
0.44445149658503547
-0.36426622477895676
0.2703709602302835
0.688986095805767
0.8031865844362975
0.08945875486418031
0.5042654554798969
-0.3226759599745024
0.5641887688403315
-0.9730298207073924
0.993129747711857
-0.5746259167484797
0.6997038337841357
0.0662111781202821
0.9458282470795358
-0.7529153539617748
-0.44777229666190776
0.9752754830005304
-0.7498662484040377
-0.8816501769156853
0.5142184879279494
0.980198636785454
-0.3891129890352163
-0.25272828064072095
-0.8479983894123915
0.8467911157056192
0.5104314624289807
0.007728467582487353
-0.4597139878621379
-0.7582985050774635
0.9282745639903164
-0.5036803957301981
0.3959760520551938
0.21578872319879294
-0.6522584388797041
0.21689937223626488
0.2347282469318981
0.30327195903360704
0.9753572082701127
0.9535505829957027
-0.7790311385698736
-0.3069815096451811
0.9882987501320839
0.7619911908831507
-0.3581475385014139
0.20371973773086327
0.30866367748253065
0.19104744051306422
-0.9920911235793928
-0.6174028555487492
0.917903781461155
0.33996717805025245
-0.3321098125031341
0.9476685511058449
0.37274665944930185
0.6639877045481821
0.5225956418462407
-0.9935012013546374
0.6497398695362004
0.559713979068283
-0.0677816042516779
-0.9902535556011689
-0.7774682321443827
-0.8064977807865101
0.6170112357267135
0.6178553648344265
0.6272591850288964
0.1968246060475891
0.21096265878322795
0.8762364340104125
0.7902505510810695
0.7880603739867597
0.743412855182731
0.6335583340439154
0.8772580831121164
0.10521570766643906
0.33814171426726836
0.023451927151692975
0.42850604250913527
0.8143698350515032
0.2522110469277069
0.5925850785619254
0.49153338210104036
0.2501076820656206
0.8638461047005627
0.4425495213951326
0.6871759906094885
0.9095327402590666
0.34969875314478405
0.573710212136532
0.50553423902881
0.6456738137567168
0.2628265338971827
0.6367360986852464
0.07304499601528669
0.09396141484656695
0.13385446581069105
0.4664766832113645
0.8360786322283634
0.7167646746680676
0.035169659273096454
0.09804404394917943
0.5316448750167359
0.8284730088400122
