3
59
27
8
0.8483358556069994
0.7470345802614301
0.9252079104284358
0.318108522917406
0.15898853209023533
0.03375473523572359
0.9080497066893083
0.2676312234169197
0.37253799851983926
0.10626644831401721
0.9698225901138403
0.10559721491064866
0.9382354708673936
0.36493866129190755
0.1568631678583715
0.9668841886650567
0.4847785994456435
0.6454391115822633
0.9365422713942357
0.3028641775788169
0.7248520230733186
0.7807601894617927
0.739813093165185
0.5656684352421413
0.9911120553892966
0.022955619046500675
0.32490696198623814
0.36048685451739737
0.8643927769143277
0.5761170281247174
0.9612121902891647
0.7858467256551268
0.07598682814914703
0.592775514585523
0.7530373345360525
0.3790144753698389
0.6852589419811747
0.5173679134481021
0.2625594383022485
0.5746559272336393
0.9381768358690592
0.12733944590392554
0.0511332263884402
0.9647955178652112
0.31697640179347264
0.23918313096441313
0.41757372072525334
0.24629592631865416
0.3789304045774542
0.27645273777896706
0.2610660586144862
0.32670595123177737
0.2014462530725154
0.8307406196202604
0.8727874725737238
0.21552166210174806
0.7496735708620974
0.46187636312211
0.5155773777868842
0.475285561514721
0.9212090188056783
0.8810456348125365
0.5848517762003999
0.6203126016224234
0.19661411664832829
0.3851273783385971
0.41412797985127026
0.9008978594311757
0.6120786420141981
0.18620437663084466
0.819426800501465
0.9799978318812711
0.521284029059591
0.2912993297269443
0.7889968083243156
0.8158819313069702
0.7745597531937768
0.6944500747467344
0.574174683226856
0.48296960745680184
0.6326225836948648
0.6094665918344946
0.18399820449335735
0.10210397663086423
0.14741711981728078
0.7047561959763713
0.2918818383850681
0.2799865469381858
0.5730040613240623
0.12498673399759275
0.5037050256267133
0.6689734659882719
0.8058679070171232
0.1055168847561917
0.7437886419188351
0.9390648656818378
0.5931795577305035
0.780059669370772
0.8951515444604025
0.4080194070135539
0.13565727104857672
0.7954656757356692
0.6409024934048775
0.8148226005268224
0.8176712470946707
0.16573788990560556
0.6567388505745155
0.524593072809826
0.7651942458562455
0.44376043337766957
0.17068709128436255
0.19782269774726602
0.39591012926143054
0.7762482352665979
0.7939375599864136
0.636349644147218
0.6037164297498876
0.5381563299915523
0.4907674913663125
0.4422335853382823
0.8268034413416554
0.7646556652543202
0.305601461281123
0.2748482471956487
0.7774854968965367
0.5584459444897727
0.9603960162132288
0.6728300840651253
0.5552032557373344
0.31879367859414787
0.9022294666279026
0.2483273940268842
0.41545987059429723
0.8364119187568436
0.09972335570033797
0.9306607034463751
0.689115711577094
0.5323550890579687
0.07630984925505901
0.2874054550479074
0.2877189493311908
0.24780739160296372
0.48540255723162895
0.7198919616415765
0.049272230465373545
0.17573875117589122
0.8437334057421767
0.2589575909549927
0.30468262857708817
0.8954529420625261
0.9419057917290091
0.37224802327304396
0.3383161468120315
0.3923923684670291
0.4355768265726727
0.15230696151266798
0.3839125612959118
0.8012627757210035
0.29925362904587616
0.2296254479694867
0.48120224136634593
0.5260164925932551
0.7066752448716807
0.995617657781562
0.20827643129907925
0.9583188101278429
0.46168999944293654
0.8306706911821838
0.849436061038485
0.09015975404468324
0.41231248172595614
0.7591179199271465
0.2609595160209879
0.8456204994213902
0.3789571499170028
0.20275050495669078
0.8919698313645648
0.3121012541521404
0.44133230534036616
0.619667545531928
0.6221846492886234
0.9906578946877217
0.9726989641502761
0.2831976305059233
0.10242043515644406
0.0872461581836228
0.30712419348882647
0.7717953942890731
0.20064557941882644
0.7317124363950929
0.6840159158279605
0.4845086784779332
0.40903697622753876
0.7954376978358028
0.5890295792708391
0.4977020271489583
0.336966774895063
0.2815723930804399
0.3500421181397424
0.32558210270789556
0.07959455362603907
0.9276861182041907
0.5793134456466266
0.17498372407492724
0.015482845235791354
0.13522969274799446
0.2040336059519342
0.8192081359633252
0.1189612246772197
0.001174763234512266
0.5888716794598915
0.7585090907620456
0.7142939894026661
0.18327158824303647
0.8751103793240093
0.5484437100395275
0.16190917377814418
0.4120477361245598
0.6447105024125611
0.8868251140034425
0.249737281197157
0.3511443997997591
0.23249400664216424
0.7032203820206422
0.763849279837612
0.5011192027184352
0.005858110608412792
0.520025849722205
0.5203208226867461
0.7896478941842958
0.5229905380098694
0.18174885923547923
0.008814619890177844
0.6201830626495932
0.5857075577360445
0.6207086700253134
0.5234869567422089
0.6043294072095953
0.36377370416461763
0.8017809690939679
0.9798840972893967
0.8859618668630166
0.6298977061798566
0.9768841020647655
0.09318718511736657
0.9657979459727182
0.9797625320861225
0.3059444195627601
0.8029172138648938
0.6103821673172577
0.9119347751026401
0.7137392003675151
0.5056891610061737
0.011115514826780526
0.06984389193682283
0.3366625830913329
0.25564549217735333
0.8268219975282307
0.2892959698494366
0.3840911773583412
0.5825215182879727
0.1964208266624914
0.4067256314408668
0.19305101741025932
0.9264828353245554
0.4469966625146238
0.36929847201541455
0.6053204724879657
0.5091241267034222
0.010942501950480299
0.07775625081428605
0.9979765317112473
0.056969253153461685
0.1469402111140461
0.9587486144363171
0.9928835996765766
0.6364489779582848
0.21255755041871238
0.5373557281328936
0.10302148130609179
0.2669951644806966
0.8355582011744
0.9426638575923441
0.45263998156331675
0.989785881280881
0.28977699642974764
0.46298859579911866
0.22979286373886476
0.5545108353994284
0.7753306641380673
0.17652219314385853
0.7757754001116711
0.7735719142625799
0.06353543841594511
0.0950184470397083
0.16158739509569398
0.9834353421976111
0.25336631669445375
0.5181728013817366
0.33509081392330853
0.04750836618025256
0.26756536009110043
0.372883690350699
0.1467048306802955
0.18063754469908666
0.5882730616261331
0.5404908411633026
0.6341443406731114
0.6673074165678731
0.2195865723668573
0.9695865404193991
0.13560129279997657
0.516485809992127
0.7119787721622831
0.7821071164853809
0.5301103471644882
0.37480933913635217
0.16458845046429404
0.9619473994711791
0.33069398830777663
0.2712353270247543
0.8713017272553244
0.2031070305846634
0.20729264153247007
0.8522894449617894
0.7504948896828991
0.610204847990382
0.1906363793571293
0.6793092463680338
0.4864402050380374
0.38375036968119425
0.0910848776758929
0.8325920180491988
0.8544275646712182
0.12203228659119403
0.8667038812123109
0.24375351876047346
0.10407282706147214
0.8669213551905229
0.46385083069511535
0.3439683470148016
0.3005688040178677
0.2143994865673442
0.6488091274498868
0.6983881714321841
0.22798293860274765
0.041829412419266965
0.8656484114714528
0.11861206412196168
0.947100577194346
0.673173882841075
0.9680697043147944
0.35485300700345956
0.09976539826673692
0.17729278327918496
0.4847381201243297
0.04365327593489721
0.9458109553297528
0.9094957817984526
0.5006476075387636
0.9609437424390251
0.3729913991082153
0.38092477410409853
0.2910042579284564
0.5336625847958218
0.7849645677751474
0.5782380847927994
0.36131742315495463
0.2941041875252648
0.7355986820434132
0.4391741228314169
0.9454874751351068
0.5534840604358375
0.2755935645875831
0.2274971488424179
0.6005804650851595
0.04657530401088217
0.21873328515235924
0.6026735249317874
0.6779370033645798
0.9703329096671767
0.8913652113589527
0.38717406292956413
0.5564520505886105
0.6168815949887894
0.5807118976907982
0.3356691766386942
0.3178334557594058
0.8235201427360048
0.1221823508482005
0.6123345238094463
0.2579204969917156
0.3619067543665161
0.967689107199983
0.9711211231086277
0.5066367574726417
0.9250115911701697
0.7202619969094053
0.08433951602327949
0.2998749688792208
0.4954354339930299
0.04182617924009224
0.5370667294892275
0.746163083546251
0.11472128449408314
0.21872594592927097
0.010632105597125463
0.3426508796547898
0.5307428136676591
0.8960653923078375
0.2849177826688487
0.09699997451138398
0.5293647975265785
0.045800640125030045
0.6692580825870295
0.9127903336919501
0.18851880502955154
0.9610435946475795
0.07016298028875179
0.18415713557356594
0.505129230591549
0.24963088566456404
0.7992797600768713
0.02839954316282567
0.5557827460492178
0.23810732992382466
0.6459007409585062
0.3885894911693235
0.31491968252779434
0.8241796698789973
0.03861700461392359
0.6933846990178535
0.47146458387985535
0.6275233114437471
0.25664218475471656
0.46559252944409824
0.6076895229923474
0.9489677537792919
0.3033449112791168
0.6829484369447417
0.8398645398635429
0.41640062816567347
0.20378754104011743
0.82733437670989
0.5744562709229808
0.1512590349513221
0.6966238727276366
0.3233515782670696
0.26919883082732954
0.5181367152176866
0.08832724696856087
0.14264311443677025
0.4427529412428345
0.41859341968880415
0.9279692129167851
0.15478229407862154
0.9101679598422896
0.16054909952872365
0.38645194371731906
0.1520998922940079
0.41112568539951944
0.676423598022476
0.3332207248673593
0.7158224507651307
0.688987965764743
0.38900884954087733
0.534231164993428
0.3340883295732696
0.8180696365642048
0.8735837795359032
0.33533968880461784
0.5777801942325004
0.3810809287038618
0.3264110321243533
0.0020117904506798956
0.8598393920492386
0.7523236125926205
0.6724329759204472
0.3690382804841098
0.80470383367278
0.7592136339416425
0.2389004998963553
0.3701941414729203
0.5367381581629264
0.1970970018078264
0.14976582468148658
0.7296128725522286
0.26000056006807737
0.14723457148534136
0.8228158645182357
0.30204177015802824
0.34641849467694596
0.9944339041059171
0.7806114366633411
0.9195501568251598
0.7754207993089065
0.05607162166270474
0.7406823231145956
0.5091044762751943
0.17530128300882064
0.665651209211818
0.3701749798162626
0.014871332137049609
0.9050646551089732
0.15224282177424797
0.7768842042074734
0.8975881882049055
0.578328456113506
0.8591994504833369
0.15084420168734103
0.0829647802572725
0.28023904041490877
0.8973379571812546
0.6300280000581255
0.7597737478799459
0.13319444498055388
0.6183770478956684
0.575034261380913
0.7385725730236741
0.48561403097512645
0.7788697113098615
0.8822805386354585
0.8784974539974022
0.7085380290177828
0.1958771400966386
0.635773746802105
0.5497158158126636
0.8359581429879426
0.575937969619075
0.2977064746665731
0.7960806804108354
0.4831977128044427
0.9928487337060182
0.24169930826224229
0.40520493840499294
0.265069628290978
0.4381037794630803
0.7120571242813534
0.23500669034262744
0.1659975815878103
0.015040425579695427
0.23754972525108997
0.2512824249983756
0.431610745122992
0.8029045935780841
0.883164261705493
0.22339835639579098
0.29306841568339836
0.7667069872816394
0.5598533913355128
0.6328345730046334
0.4877267435371545
0.23735628229696437
0.29549984744594493
0.41668297587498093
0.634758231321134
0.2847137500327902
0.7038225563687496
0.4527955084252143
0.9880477474710472
0.17455827451749806
0.8671528923563878
0.03787684296940752
0.3235270655166673
0.06674502785505809
0.3264600507143749
0.05091628523302949
0.19361415106571733
0.7312411337180922
0.9976409645130884
0.5702713378427352
0.158132912184775
0.37424011609580565
0.6911169181830805
0.8377281480649011
0.24426129706826238
0.10414815800181343
0.26829487776705174
0.15609387600143787
0.8623947541566271
0.8269406097968098
0.4658041731600482
0.6800280335944395
0.7499019766164069
0.02443188650098449
0.6465571202511873
0.7209756786619768
0.5200936400862578
0.6320030219980675
0.6296992888412151
0.017202114109364675
0.9609591725603785
0.8739128641478027
0.6900135575402878
0.890057189480938
0.755204795319192
0.20760561019084534
0.35551229502680415
0.02358990900657376
0.11428093892029523
0.04241640609951125
0.5649000700829104
0.8397389392077389
0.6864946699946017
0.8686958039310528
0.26299516922517674
0.3751179783839256
0.9296221391478453
0.2608110620225469
0.22372864402179382
0.5771615276264824
0.7879429006323435
0.027440435758573023
0.9870425425111614
0.4223228933591927
0.6571786697179781
0.799652203878619
0.880937240657241
0.8415728255124706
0.11994324389055666
0.724583068320748
0.7871563213907468
0.3928204461279682
0.1274359248295729
0.17346323236955485
0.2824716789101259
0.22224742408130727
0.5504435758950318
0.3357864475287702
0.6187074754093185
0.3659491499457894
0.42156793312653273
0.43591797273009236
0.219571628054249
0.5707659265452284
0.7408767045207538
0.5574577916576966
0.27068305436012574
0.9882791010424359
0.17470127313118222
0.5161519174765915
0.4816214845171999
0.3463518259963506
0.35359125818925685
0.8356115362885335
0.4125747573774948
0.04636814196814565
0.16607060429671394
0.6119490232262186
0.09480529187450248
0.6738168375404693
0.1968684011820384
0.5754114753277839
0.07574523670127409
0.3067898666934119
0.7993560330698534
0.35818967715192807
0.5949485514853252
0.9150974793072624
0.4027173959909838
0.8776263458762138
0.26691635170646777
0.03584914421311436
0.9153149737622358
0.8336671213722543
0.6963077185923601
0.35257607454906303
0.9167607711795701
0.17992672741978866
0.20085911418383295
0.9815291102067686
0.15972403234075594
0.7083573663551035
0.07359720193869324
0.32180168102787166
0.21485249536757955
0.22140390559950784
0.8124412613067724
0.05836105294856109
0.42802653012318903
0.31891027739284117
0.6458866733692705
0.10797754175433405
0.7038930079138096
0.5662382821705573
0.8007551860043882
0.5915219019231717
0.259612913982495
0.16940569615585055
0.5268848143845299
0.5066474931531603
0.8472180255767926
0.020426992252978615
0.9675212429262999
0.40110587984108703
0.34127499511347703
0.07331945108354188
0.320942673214345
0.28297132234203815
0.056409608147203416
0.7189479832800129
0.45380451396142185
0.562314737021366
0.8796487356821158
0.4322703450967045
0.8664686288790054
0.06346590316000977
0.5651514948264063
0.08530553567174559
0.5453990234535041
0.38781193368961775
0.4990348622031584
0.39487691935040414
0.739109878810773
0.8644190896078617
0.7514488899342368
0.4899968722653302
0.7525170456335153
0.6453364914222407
0.8770105443877917
0.5132849697308995
0.6122209011305881
0.7919449887315794
0.8414111021755768
0.016783107143056197
0.4903028638348552
0.4922307159830941
0.8194618596031158
0.6894947201287999
0.705698293714094
0.40516145658094893
0.1902206121405683
0.7977980800944859
0.08755477498838427
0.6153261717480694
0.8826362712862575
0.23117286388532698
0.01653694301422226
0.8046257537107172
0.47081215646787167
0.4194329126046603
0.260293568159351
0.9497920354893623
0.9448051978574377
0.5150552607406136
0.5298912966111474
0.4360740721626085
0.019056802277455653
0.8900632071481391
0.5496607211521503
0.25774135898113726
0.8468398215764028
0.5097615559493061
0.25472737463070105
0.37831822437998786
0.2060090388695397
0.07780365417555246
0.5918569886453008
0.5479587328171686
0.4172828798444017
0.8722253469870661
0.5107179859018266
0.771240769606329
0.9596943716979537
0.4339201437418997
0.9467911626815186
0.5073050659998126
0.8731014246149237
0.24687064040273443
0.23533455405606862
0.9026859078277103
0.5100750628197741
0.9844525229808406
0.6281054413512175
0.027054303326994655
0.6569856027915392
0.9394690362433066
0.5341715858577284
0.5694403219969193
0.23220428541133464
0.6552404482830393
0.37425283649344754
0.029711228932805755
0.24661529941032723
0.8125060214065262
0.49232947891213485
0.03533813147385845
0.4513223945326653
0.8458903320984166
0.45977341571520536
0.6435734432239009
0.6206507737340915
0.558621945418272
0.0898244461714528
0.7556644381954171
0.9517395332832345
0.6994413451254387
0.9821334807404304
0.8358813211365888
0.07772986795640413
0.42410795669950285
0.5918838084911554
0.44714579489275064
0.9240266750910042
0.8251608664743961
0.4030257322593437
0.9774712644999528
0.20859014541745713
0.7887411638063329
0.559280357521421
0.19945982421586395
0.2615915086738265
0.015416615266939715
0.09598713723150354
0.1428617295861302
0.6906814260519856
0.6979543820403287
0.6750259722340007
0.4805426759135337
0.44120018160095464
0.7972276280986557
0.8682911313514805
0.006930919194435559
0.6955615573693454
0.4447895963504691
0.0494003200286528
0.5310549232716772
0.0445082157034149
0.8287116470096474
0.2785466435344558
0.8983730156862462
0.7077505457957394
0.24584144643131223
0.03513441537082207
0.013266854115028481
0.9557247515067807
0.7002336811767245
0.08573572644829108
0.09105037712388642
0.9530342098655008
0.7568182447483733
0.3496779410418297
0.6932937397849279
0.49617604921392666
0.8373548002412052
0.5981462122765243
0.396827481484499
0.21017744168595798
0.15066780615558806
0.42608870341377925
0.4235083613626843
0.43667396383314994
0.7183473159375159
8.867812334717451E-4
0.09711329885381215
0.03670011764281966
0.799676436103467
0.9019852689739051
0.3200301773006593
0.11933903307764815
0.6303448533690454
0.38826221954803153
0.29892912522867987
0.4734579169890567
0.23421866073176623
0.6398700679753595
0.6043964482308334
0.4521493146665819
0.21803422765227254
0.6069336232833054
0.7722661449684011
0.6274158662509071
0.22467341528788487
0.190535661206375
0.6624659418826929
0.022749259361453
0.8938367377340081
0.7158633463619842
0.5720574803992554
0.13686989146920137
0.013108930618681458
0.297270499574549
0.056430793980908334
0.9787454773019137
0.4339816608631294
0.20677399341687375
0.42664516088800974
0.7323929855112576
0.6258692896119927
0.078357480365014
0.026511856772426623
0.5782714277176549
0.5590994348609016
0.37281381265613256
0.1784289340634827
0.4148196827319348
0.021138357806353092
0.5017063705875768
0.3710309496536467
0.10151470792681239
0.27798489167455176
0.6068277424280064
0.45998384466946773
0.10748623350182562
0.47380383754509936
0.5133373889724965
0.4549236949904879
0.20771646026842916
0.3607080306213416
0.8602745422303687
0.8232934424831768
0.1616337119688298
0.7223426930059058
0.9307072545907075
0.8905393504938894
0.3664931985288875
0.35610077076847724
0.643364344560192
0.7623585486488459
0.990567407583055
0.30361893853231703
0.050836151866354484
0.2032297024792813
0.1328248166505097
0.7481441719605116
0.11142681215519301
0.5859076635773073
0.3699613006172484
0.6995125838758569
0.5115388576795133
0.7681175561017993
0.971090858853678
0.3207430226968546
0.32273837604079025
0.6960948198266265
0.8495082872199614
0.25747140140127456
0.9663649183537073
0.565675613856077
0.6359315678605649
0.8957121718798097
0.8185675802978106
0.33944843576325745
0.32884481291380685
0.9401444777622265
0.8143388494337809
0.45467086730570905
0.2601546429041698
0.07817813420743658
0.8073598313650571
0.6205370079472591
0.7480090101658949
0.21560488977960968
0.6439599954530011
0.010563395128995623
0.24319922154577955
0.4318315951752243
0.35668247861893077
0.9185619576050548
0.3637959642867221
0.18647217606873023
0.5458848697952223
0.5236198992586726
0.5741948992181805
0.6920129678769756
0.5435011191681756
0.20992559018932988
0.3813640201361572
0.77757403643033
0.3247832130776962
0.9426432573037004
0.7160924298543192
0.4275054305080598
0.6235424984509874
0.2056900586303605
0.009288276819363617
0.2614782848040784
0.8556500345498247
0.40387803718216
0.5667504521424723
0.13389943763579604
0.012682253337009342
0.1872529055858304
0.8915993588593428
0.535886993798866
0.5089625839846733
0.7305099637453822
0.5252656793219899
0.4311276548419426
0.04018197387481626
0.44507180385186784
0.6150356119868114
0.9635268973661437
0.5992210052149708
0.012037747333138893
0.7184346533547845
0.5321001772394499
0.06660022032229151
0.8982818231454661
0.12921037239481892
0.12914367303069563
0.4429250698608085
0.07146018696660894
0.5593801551069376
0.5082434020408026
0.9906240503470777
0.4198304696745544
0.7052007914772981
0.029493372591635647
0.06114320894378622
0.9130465228570779
0.15367077877240531
0.8927104962843135
0.6669536214250619
0.6895059990034459
7.163253159097049E-4
0.5285245381040252
0.8118300042030004
0.49552044155265673
0.76136560760684
0.9796015316235361
0.2812829054518665
0.641265181258522
0.5292438371687549
0.8390623827084372
0.0863227512174164
0.034423263947760074
0.6468152724723608
0.5676291374558182
0.8857320841011325
0.8212662693106331
0.734456089467475
0.9443338177145035
0.660253955595245
0.10256019255410376
0.66387558201702
0.1845849561351609
0.8128880725954073
0.22301416109235817
0.9365987880389006
0.7206803148758482
0.2025184690482289
0.6539455638903819
0.17419009585194134
0.5506295537350588
0.5518204450040848
0.40140880298607173
0.67381977212436
0.4943487787119828
0.6282691230423566
0.4786437491911849
0.1461977028900051
0.442898647177447
0.9274012424111991
0.034405484745989146
0.5092690943732222
0.9929282585758811
0.43350320044834334
0.3876409024585613
0.5325215389561524
0.020324463928314773
0.8276234204902256
0.9417869567599781
0.3161495182782186
0.40085455673067016
0.07250364419754585
0.5510902099181572
0.10527294064704307
0.8670659765339345
0.07239087696464708
0.6389640952964762
0.49013303420573173
0.5186764363968643
0.886521576957426
0.3438952627018056
0.5614811254996965
0.3492727967761884
0.3713127908692351
0.8876050632600236
0.7461968044868282
0.04192153331712678
0.36341929982099785
0.9891142657505794
0.03345903254991822
0.14836487864005277
0.3167838011790308
0.5180752924935885
0.37711607947433556
0.6941166740582256
0.6582685909835437
0.8307486075135825
0.2064568812102523
0.9253013010231035
0.14482581205944856
0.9309850939750415
0.28887697854238503
0.4208580182302599
0.06427075199405818
0.910453430252653
0.28576926216988763
0.8651070547147802
0.2803311899652262
0.07980418257509536
0.7738499671543205
0.9052144479270938
0.9050028402779997
0.6647141491841908
0.7131707526591996
0.4353937123112156
0.44488495333525935
0.10482879829023695
0.4627165517020554
0.305381026517885
0.3829861526514039
0.30529068823328676
0.9135063154054128
0.4636254392526693
0.17152698018834311
0.9528715581183528
0.37541689177891024
0.2567151364559166
0.21349083460077845
0.7188008334276419
0.07906055794487987
0.08277373210336536
0.06552092627341555
0.8097790063054212
0.0673683978173969
0.2675091356283762
0.9208109359945745
0.13166797689007204
0.6044461909240046
0.4619180248403273
0.9277280577557898
0.06578594715786479
0.3610597633046456
0.008487481221200244
0.09105556742890297
0.07609424422434063
0.9708391680520592
0.12643607958121106
0.6681383350769604
0.39932025627920464
0.2093338674061047
0.1629294261806602
0.2069452842818087
0.5427195554500311
0.3750298454589871
0.7599170391674964
0.18244527278050038
0.01113203273449459
0.8366646807101116
0.1783287107804452
0.07069244079934656
0.15559470331240244
0.6464561349939599
0.07885411769759276
0.8698048944833621
0.4614846591156907
0.6843728598802279
0.971293552716842
0.552688638031545
0.3157751096384248
0.2737466740376361
0.19698063291708645
0.8927911745578097
0.19501509269903905
0.8118066236012004
0.8570222106886094
0.292188719422937
0.10387401930703644
0.5955988145143962
0.9534724699512501
0.10244310395613265
0.9013229807239684
0.8683016283377211
0.885930916740222
0.04289290167261339
0.3896925995285293
0.9259041747687762
0.8621163333183396
0.40157625791181595
0.2716619589590643
0.36490365247723044
0.5474556741578089
0.4576862701790648
0.3882660088497569
0.41077175129604104
0.6928800347071834
0.09603853997116552
0.6064199004540797
0.9403612508789906
0.3273796662529652
0.3199555225770614
0.632657332431155
0.08035479892068775
0.42824430124335977
0.0336556554700157
0.8265294341887106
0.9933158858450568
0.9187451805210732
0.2632476669686109
0.23206836925976626
0.5591135394691503
0.6393489936291813
0.1833447005440083
0.8030630047289408
0.39467957582445834
0.3955060702980594
0.26442749231448204
0.22362532121243028
0.775730221483437
0.013407681387886505
0.44276142016639775
0.5644605600266411
0.5018140657701762
0.793891881315706
0.445489738108397
0.6980540172695302
0.16489798318117088
0.7973151901644608
0.005547156744119874
0.7161354631521344
0.2639373036310938
0.06847023824163945
0.969182296512642
0.8150655701817038
0.7326375034372578
0.32617611101432464
0.14089361655224342
0.2897083955631796
0.008304682572962574
0.7488428387816932
0.5533847251554896
0.20227722951134097
0.9576869644939783
0.1881512023136942
0.1467298023086553
0.2686029450648464
0.052340868523912065
0.40039608819068817
0.4608819280755879
0.2450326493902768
0.5285604485276322
0.02294415197901023
0.11095592411016886
0.18497140402669254
0.7954996227616632
0.007940317217824289
0.7852388284027781
0.48565775528371724
0.4473224483215579
0.7825815265975083
0.8866376088824918
0.610587809578654
0.6743240579406975
0.28765389273344744
0.6753492647798048
0.22661049001839084
0.5828136229714567
0.6254748177327616
0.4871074765837644
0.9553137326771951
0.2536083736360665
0.15037914289075394
0.2099069529527955
0.2439463107785601
0.11857490741911803
0.04674799369142635
0.14022403752479795
0.44061939673700146
0.8043315498463036
0.676935267828354
0.18684658028043
0.6334869504468914
0.7023003049573905
0.11704053170824102
0.9979809217219453
0.3781141650294575
0.15099920697701408
0.5589909599704366
0.9951020809259074
0.6244243795421602
0.04586592470404183
0.22299179574462502
0.24396777737905917
0.8268213040687736
0.2609408208353875
0.7876578445015462
0.6936484942830483
0.23223411843442843
0.8503418523173698
0.721906551063242
0.34643751986562865
0.12001999959136944
0.5123437925825486
0.6116196921201883
0.4890564347802697
0.01995256763897424
0.9449776851045771
0.7681437558381236
0.38366036408122606
0.14323637023375924
0.7261803402906742
0.5847148223268583
0.7775078779409428
0.7685762650839758
0.29937774923801186
0.9105900241544197
0.11954975324891137
0.4177731415827852
0.6847752965848077
0.8072503256362609
0.6971947915325869
0.6333060690299088
0.03427112007150335
0.09184586388150429
0.9700255934474183
0.20424518804720027
0.09622337803473446
0.6216939181739827
0.9893367620546177
0.47041808281402875
0.6952853498620662
0.004643464109295947
0.008627065582310856
0.0589081048047001
0.9393730364592355
0.7922289530282223
0.8169738131287022
0.7728551478748718
0.783277422686586
0.044327111220516247
0.9856633515547274
0.5735845018469661
0.5501206629999831
0.5586807957229776
0.20148531214958876
0.9682512523598386
0.5271666097973505
0.6283346760324423
0.028835440969783854
0.7548035684194692
0.0823349069494208
0.9572038034253141
0.20449296241711146
0.12183629958919961
0.9728731759474736
0.6278855447993184
0.5710778366491268
0.2846549425141712
0.24353633230288463
0.03032110094620788
0.1991332699108741
0.3728285613766854
0.5165973461791771
0.4737152548590121
0.41798595695659146
0.3579571105424266
0.6906447963491357
0.014868059364722797
0.9538984723468293
0.4672510350307886
0.6341567342869217
0.5950010990530032
0.6003744449411563
0.7568270227164934
0.5090701008570161
0.19326084174698666
0.17839972257921133
0.26347566490802854
0.0021969388967219006
0.06922875603519496
0.030852283369636524
0.08158324096382363
0.7484130913403774
0.431745439385933
0.3577474499020433
0.6604946014260965
0.5047576780115289
0.19063047821843015
0.9035251100990135
0.445716385853023
0.6761155284660615
0.1002861436522513
0.9305476885718945
0.33655909521337224
0.9318360685440633
0.7761778494235241
0.11239473366301422
0.14112245295096792
0.379356584958614
0.47674520248113705
0.513980913974978
0.43445265758222495
0.9868554390502401
0.11007615188891584
0.2704419191949734
0.29645187869032685
0.23884967310636607
0.04051420909268222
0.8601331072577009
0.6285737980947069
0.7271025526602255
0.2539915866447945
0.9498902205682646
0.6095219679205688
0.837655269560673
0.4687513046347964
0.6123979371383435
0.8639911480224546
0.1492066963159655
0.8177473496723948
0.6319947864275354
0.052431859601391184
0.4197294625347563
0.28801184348377173
0.8609542700021771
0.9126071812437024
0.3422287477763728
0.25593137639147245
0.7464266286878831
0.873744682712778
0.007568393757406033
0.3718677739892734
0.5018735426355894
0.9316204713546454
0.08129829780560116
0.7284463489705544
0.12251859025048639
0.355014144582925
0.18377990240272135
0.7868039490416882
0.7216891762441124
0.19591606837384512
0.2522123117750644
0.3555500016447941
0.7927775882727366
0.3533849101525479
0.05918428149832966
0.23832023758130905
0.37548702974008263
0.6009121216139532
0.07300876376792353
0.5468069792448876
0.21510469599882331
0.1578144150728894
0.8638118086067152
0.32289128172363235
0.03894218760704238
0.058111615330976085
0.480540406094247
0.7891475486701975
0.8097221140653842
0.8175401932246852
0.07202629898588975
0.4046330899275786
0.6072222660178828
0.622410260018096
0.3152881245533644
0.20297065743401943
0.681590866161137
0.21210466853038257
0.5707731765324082
0.34426426736182003
0.6871168593452402
0.8912308254073537
0.32356494080673825
0.4046018588396172
0.4334371288225908
0.37687100933302653
0.5353488746508861
0.10174746593594475
0.6847752013203645
0.2668093172658492
0.9009891515354058
0.13093211191497034
0.6786929586364734
0.6311806814251222
0.2062591530494674
0.06645187037910316
0.3216811789207902
0.07839565605577425
0.8760086431253864
0.9653104722237389
0.2322319533514593
0.533380375659053
0.9733251618898584
0.4970837707533282
0.0930629708478784
0.10174938668759259
0.8336712208910394
0.4225890878196664
0.4203145841237935
0.7367854189041958
0.2850450526248878
0.7382420237816528
0.05175938768074573
0.35923223588440945
0.6471326951033296
0.2276633661823494
0.1038521329682176
0.3557258653242551
0.3656876325599989
0.8199740861632875
0.5846507849062978
0.9864429398943336
0.8171974748358652
0.8277949533772152
0.2326774106831817
0.3927560970014998
0.392601452446968
0.24889438482654125
0.08326539240369568
0.15975696040631304
0.2149892262053409
0.5326681352385163
0.39030225380635486
0.494937710209568
0.198215930663718
0.8304515825799416
0.1100696490564681
0.723708321978862
0.21663478038411277
0.959341694655068
0.23313864055945033
0.8942958563127801
0.3278313948425883
0.7840229570421281
0.7364066245319114
0.5672092638426679
0.04930778319407336
0.7659852940821186
0.49996181658299876
0.8633406668547005
0.43111568419153645
0.3877223799744599
0.135051945462348
0.0898594245092974
0.6366169848102169
0.8278435183820391
0.05934895948746366
0.6173645935420038
0.29498014465569
0.5550750940921125
0.8893086540236859
0.28427577017715056
0.8481357585526121
0.022242942389543385
0.4260168083433542
0.6660770875561416
0.4252198587375472
0.04806237375749933
0.9084684990020614
0.8920338158187434
0.3645088515902276
0.492217927645078
0.12052141604873146
0.22552273938533318
0.8968863400004424
0.592798662837534
0.9137767155337212
0.34367225138812196
0.46786624849525205
0.90974729582263
0.7956416748353841
0.9538164873284974
0.4994052598152422
0.5534606809953518
0.7301678432380421
0.29541557291375664
0.20251581533700813
0.23709107744549074
0.2172954797706883
0.36149989216647116
0.2871612565190106
0.728854814083124
0.554195303345019
0.3341514680514055
0.36028925267176837
0.6461253223726756
0.8706230081617502
0.41112419891875807
0.9042694970428526
0.2692328828548348
0.3892025644642483
0.6875829378630746
0.568042322763573
0.7130425930066931
0.3996499552098306
0.9650347956482335
0.0455104718489685
0.6469329350768882
0.6571620305638332
0.0220626560460635
0.4055580692390425
0.892744334333989
0.40696384900359683
0.7934648719841237
0.2186966327863722
0.4127539410846234
0.5915561285092543
0.16654851732824816
0.4904062479404847
0.4146198766763014
0.23520682913564384
0.4225243476606636
0.19411122061435904
0.23172443245705554
0.32036836894331655
0.16152837166783252
0.3734349378491073
0.7334123124181412
0.6886964581856327
0.9040627607723555
0.7255953556413677
0.14383027627519174
0.8663358612651403
0.2859104972130214
0.33673429268727795
0.06533693569047871
0.02382931550210865
0.618678988080287
0.7715061244512079
0.03396012395251968
0.5230289366886984
0.3554734187980787
0.20191018952321838
0.10619547964758091
0.967952449528144
0.950855291745859
0.03135793796806707
0.32724912449641586
0.8201277765396917
0.5602226641489586
0.40382189707722504
0.5778393271087976
0.4082786124849813
0.24156476709670927
0.28879603381085484
0.6300558986530403
0.02945048953937779
0.42540049093086385
0.41333226410326884
0.3329538226993376
0.42307886735282196
0.815467536784053
0.1358868271347936
0.2510804447492885
0.3877102840425177
0.86822455158944
0.4116935721209819
0.42347969576086353
0.34709527109601035
0.5041964785617441
0.1578969070576176
0.7681147829104034
0.22999798631990842
0.04264843658543671
0.9029004412462414
0.7133193977190094
0.1845616772385662
0.9150577212543293
0.7003050146743699
0.7551504465845791
0.9213469226375859
0.912329342200701
0.8188437279117584
0.584813906846525
0.013900696528958756
0.31714663860490766
0.5309987769041605
0.10679709024777384
0.3894856441182015
0.06176559994586206
0.8705143489667062
0.7265781508624225
0.7756398191155626
0.8844584423112722
0.6138713783130278
0.8831458088748964
0.1934372809174616
0.32194186468906383
0.11469858427509161
0.48758321769486523
0.15572867069636964
0.06951362747027823
0.7204998836749605
0.19953175567414516
0.15349711236673524
0.06338092076629465
0.3129747885963595
0.7133426006674359
0.9093848832785933
0.47600357493342826
0.25813141437011367
0.8437317043774841
0.17807558585138428
0.7469828863461491
0.39780440497135794
0.9529584197909468
0.04345717745499533
0.37275612944452974
0.5629634445885997
0.4904120120194695
0.8005039797900342
0.16437600744305103
0.0795153497313924
0.41789443397481085
0.3264816427617745
0.15568959928313097
0.09953208973417083
0.006578749404957729
0.43956149835415925
0.7483311042648937
0.33715401580426185
0.7213858918926493
0.035606463136535704
0.3799738445203509
0.3115035569733634
0.36635913523585095
0.6887713962973565
0.6344318432565719
0.3136523812437373
0.485247563962119
0.06608665161019567
0.21858250114283095
0.726791453087901
0.7363126909625812
0.943201181555179
0.5833725842467342
0.7793219549621181
0.592961664875033
0.8355298393933375
0.09263368271603556
0.5693776325107133
0.40644241483542265
0.6812466426749931
0.592504621367957
0.5160541797250507
0.9455424908617823
0.3648042506468101
0.37268669013471556
0.76950061156338
0.5007952952308852
0.1399614745052079
0.8567296102003554
0.11662093518965311
0.065431751666845
0.538650270815387
0.9696780366250637
0.4480305260011992
0.7983552892701409
0.17640263870781547
0.5371207435744996
0.05147273244165107
0.3880777966836716
0.8324860480867734
0.40253848328226394
0.5065414358833571
0.8433713905829896
0.7660560649630748
0.31383118473363425
0.7279174644315257
0.8212709054264956
0.48836373757565454
0.12087668978396238
0.21414571540006488
0.40585315114181963
0.10736969429948029
0.10136399883169289
0.9808181996072706
0.996949131757228
0.2720779072650785
0.05308992106870747
0.5899542890623106
0.26199026007144344
0.32215586884972114
0.023094939100528622
0.2526263215076552
0.812753658546808
0.8233813612463696
0.2646211651052902
0.6610261505162034
0.7323564487462042
0.6357590956100304
0.10986215649049225
0.027682283762228144
0.19867230861704155
0.9442827923144638
0.7515075450324826
0.9989379970387489
0.4509165178026464
0.8627539335180258
0.2799693406373567
0.3248089201188439
8.335445741703973E-4
0.9044440502372996
0.2888836864205865
0.3259583291352012
0.07161688306832747
0.6441544673614522
0.493579996767749
0.7563941572823947
0.874819418074191
0.29604321368723985
0.4514794535318527
0.7401644743274692
0.7281689286112462
0.603545344395077
0.25545973776668307
0.15435845890251654
0.42083406566575243
0.07000217471692094
0.1518389417044128
0.5195150604325168
0.05205000786438818
0.882952322510641
0.1474537940037529
0.3022876166072279
0.2500627178500734
0.3635095922225443
0.616835411625431
0.590713873518549
0.8725215159144627
0.5470290488846964
0.45936555409278734
0.5142590466810345
0.9620784867152213
0.35176594183690746
0.22873948968807578
0.054908604314448106
0.8386133054713761
0.3547960002624678
0.7480445638348588
0.4823199754351445
0.1931347006901588
0.7898134285052235
0.17686003491160773
0.138447380176551
0.28603135839528626
0.4996688998023917
0.8444081926772335
0.3220562413623861
