3
59
43
8
0.8442584787470184
-0.8481596024695646
-0.02810592137061385
2.7764747864686874
1.871115567671041
1.9459314060553825
2.66344149424115
0.6494135022516176
-0.6380952384935838
-0.7902437446745747
1.8254820614677327
-0.5720049055508014
2.024921934486052
1.7669762264157052
-0.3240784365127505
1.3471595534515592
0.6907321941929492
0.7556735045572516
1.2552396549969826
2.869840198415485
1.548200495510941
1.6773872029544328
0.24583424847444046
1.9855497831507445
0.5581938074561574
2.6106428367122656
0.9610278757856456
2.244807004278864
1.0096607023849917
-0.7649863855836097
-0.2886617331881176
1.0124187131969185
2.5716527130185143
-0.16171761403034712
-0.1032593893507201
2.6608448855094755
-0.8360715445710061
1.566848856678556
2.2298492736088473
2.5304412248948767
0.38379801155638216
-0.8860180259376553
1.5343955898570187
1.8290045990369863
2.9789992610526186
0.31667351760500595
-0.4835787283107731
1.5199979551825653
1.2061204413828457
1.300804795844871
2.0370856970223823
0.7845685180351427
1.3308799436283119
-0.2970046228716712
-0.8624580698752391
0.5505549723098841
2.78139397500997
1.7935928754240704
-0.31325974213869445
2.4309241529750354
0.28801448649867956
1.4223317821873702
0.16496511083556897
1.0881249368906212
0.3341120437620606
1.2320388393179762
1.9810959753245485
-0.08522364354646661
1.8309718770564762
-0.7724550255564695
-0.3400994269444668
2.5483043468988553
1.325693508756479
1.010865756906637
-0.9400870041079461
-0.3084733321070503
-0.6548027703301948
2.026793769316831
-0.31635513312414987
0.18247116123362117
1.4971292739153834
-0.4740971260079163
2.7588933888802423
0.6275723140159246
-0.5583115842325834
2.8997864332798065
2.926518533905501
-0.8973668935808614
1.904758065397189
-0.5580024771331653
2.7193197962696742
1.3145262818749512
1.403078127966155
-0.2874416559824513
1.3352358078582605
0.7389270605157945
2.813132614989984
-0.6842111880227875
1.390920297051132
-0.6719711182420058
0.4575800777703236
1.2566953086751897
1.8547190355426646
1.2801958421601936
0.394384763536608
0.15768545987202365
0.06671342070380004
1.2688531758037311
2.0606438686883832
-0.6114045832293329
1.8302936830964556
-0.8471422717142241
1.0234539552796376
0.5971030303028853
1.2803214933208602
0.3752881803407071
2.3807828106192677
0.7640921202667554
-0.17728562835891415
2.5438003332092123
2.064802399289145
0.7485040188326204
-0.8829544420545912
2.3021330008607372
0.2935834146581364
1.7743057080912565
-0.4769730471735485
0.49059320857144884
-0.5803341003503
2.7921535525951984
1.7911301751250173
0.5888213984600983
0.8762545299855915
-0.3237826480880084
2.5044028611533187
-0.777136170844736
-0.3633079621747888
0.3890307326186109
1.4267638713995965
1.9533258921211862
2.258912831461232
0.5770845260069946
0.7134087174662667
1.9006034402117091
-0.2588817517475903
0.579507178991526
2.1467663676970634
1.794943676204396
2.89598833118768
0.7982976368562666
2.631830690349899
0.8736754991155229
2.6105823732309266
2.1113544160739393
2.2010008577214766
2.9516388775112237
1.13709279548919
2.114479115487604
1.75144403344038
2.892606120946766
2.4926926091389885
1.6611526704298112
0.415441651061345
2.691976937544545
0.9146822468861506
-0.20565525426650133
2.8554977607666334
1.353775742829285
2.9723467331202755
-0.24936337496698568
1.305436809176505
1.0393412071000232
2.9087928795223643
0.34457945857182004
0.6114065819451344
2.852096600771545
2.8547858523259455
-0.5714237436397307
2.216315093999171
2.7736591463086646
0.774489624099095
0.8529844005958296
2.942225980803019
0.3841530752669733
2.369249263999385
-0.8754606567664394
0.755522738406571
2.92739135502819
2.1145502153537237
1.478474370661363
1.209583604830711
1.6368325886066664
1.9309697239651702
0.07745288000449602
1.2448642231962495
-0.6253510381570198
1.8208034228855083
-0.41974734703053196
-0.732201571344635
2.230486496080877
0.5734093932543192
0.5782718662362212
-0.008311287236577591
1.383877318299047
2.5447078497868687
0.20440126449882223
0.5854611673286327
1.540500710009682
-0.9945966188157414
-0.2860520362959451
-0.9474538409598701
2.804044418348911
2.4476657627766625
-0.13562111761824136
1.0762445530281213
0.38715829968537974
1.866753577964564
-0.23781067653422205
1.918374690757636
0.35816300463764694
-0.947356947879717
0.39161755650492824
-0.2536758202973899
1.4534219224933373
-0.03266467956697938
-0.9142712724121207
-0.9104212563821605
2.0435782122544364
2.344686282147645
-0.6874972432181505
1.7798122224131219
1.676426532246967
1.4033950543052132
1.2713188020566302
1.9124380139689432
1.8204826107170236
1.2604765220197949
-0.21068046118752015
-0.08568610641242058
2.406069769496005
-0.11309086470573781
-0.19697935942096567
2.2222449454983115
-0.9045083447115323
2.4332153852647247
2.083232061590635
2.202086472048517
1.8483559995170322
2.048547990669194
1.297715890201009
-0.22936279308766405
0.047948555068839216
-0.3929353905784587
0.23314827892568823
2.8960281755250055
1.4954005938357782
1.1001155196116832
1.3028370784792094
2.605005166858084
-0.2670078523361248
2.689798976237743
1.6359222071604285
2.8617951292479433
-0.3678986509763107
-0.9579695227239429
-0.24041825895749902
-0.3270409752022996
0.13111419382248157
0.23574319531076493
-0.13035045881416085
0.089126233918009
1.1939970368515707
0.5136904986876607
1.1426275595488626
1.0808320132769405
0.00936757138832367
1.4675282157513605
0.08593892255487945
-0.39536094007221556
-0.31740672541657067
1.5002906216843175
0.45012604346716767
2.7197654821130266
2.1090373019859734
0.6911503488968109
2.0758339565253365
1.9566248930253254
0.5578636620012822
2.23505420681377
2.497981009287625
2.891624431417937
0.24520832439204399
1.2627023818754182
1.4660028818988589
2.041622143577678
-0.6356816511231254
1.1025734765107869
-0.7868102876572134
-0.7874893792710838
1.9174133498109533
0.6508740242550526
1.2999517204329507
2.760444226979115
-0.6632202411926673
0.3921901668796022
2.885123573941795
1.7408411601709768
1.3050414731595106
1.9268039259835632
-0.4944640281776371
1.045621102075972
-0.6914630365603647
2.1685480784969116
0.6544799408361761
0.9355256761798727
2.5900436889214897
2.0648885636956864
1.9323875892773323
0.0594174852170648
-0.0996149061036482
2.849496768866543
0.5583929344738054
1.2154367447205998
-0.4495287631251348
2.3237859472975693
1.8222230914588733
2.5010316256701115
-0.09611515183384234
2.6591363592459087
1.4282809275159916
0.75133680661766
2.473389236510129
-0.37570376745282075
0.18775060173210334
0.9737528672095079
1.1478644123144905
0.5408035165826284
-0.3470707234049468
0.2497969626970551
2.517454963636698
1.432672369179406
-0.7397688924610004
2.1116539355694623
0.5539488391342324
0.8487918954818754
0.4188389352337012
0.703017624960536
1.7435623054304132
0.5321801083866431
0.15268322890994757
1.1773683301043631
1.0028297600938358
2.6788529915421133
0.5520793424868911
-0.6719156178563606
2.790646283769216
1.8954705340490037
-0.39628089585571424
1.9837202988331903
1.2197518974746744
0.15085022086210764
2.3967057116524098
1.162492882615158
1.8228914226585464
0.4264631686725333
2.223598437627532
-0.11767751075278277
0.53953023600562
-0.8349210433272602
-0.5113043729658544
0.07497610323919335
2.30001271433969
-0.6360761617418678
-0.4423666428981443
2.745096563159034
2.205430686471967
-0.9874661759612857
-0.8960327622507711
2.975500287844058
0.44821876391024396
2.6520822907223076
-0.5003411939461746
0.6433526655215094
0.7225165410801293
-0.1563804646381175
0.8081583306503661
-0.9409898017908847
2.494731468540915
-0.07765013785593577
-0.22159503875627662
-0.5731325192360648
1.9796565818387077
1.196901352927534
2.6406235914951415
-0.8875111889505845
2.7584907970414863
0.8884773358845404
2.295922485966048
2.7943744458579687
0.9744271753520382
2.2728095859461126
0.488939495939569
1.7867780335192356
1.1301629609969486
0.42082102141294886
-0.31412039171442907
2.7628077088962284
1.309114200289753
1.4864688647356494
-0.7343379941519255
1.3034652160443763
0.10373743110682776
-0.48969172435864894
-0.04120800709869954
2.862261851893381
-0.20138849113536983
0.22877094223964578
0.45513949667140974
1.698147635283256
-0.44418559188244355
2.4197030097606897
-0.40706040765680407
2.9402324071277923
-0.1970489775909987
0.8369786731337507
-0.6075419760913439
0.6140396109889217
0.4251379443859571
0.12557454011038383
1.241038394925745
2.073550543519622
1.1113638496946274
-0.7140214125782132
2.027068828871559
2.7897123949166653
0.04242717069413704
1.9498467532082409
1.7393234329544665
2.0797373757641058
-0.4166459536388696
0.512761332064166
2.0166697140825627
0.8311189851356202
-0.39906631801732795
0.01029402126661072
1.0015568472340366
2.06851967546776
1.1695380673789937
-0.5908266829974189
2.671463963586044
1.3435906144078846
1.6413585879472883
-0.021702700866994773
1.0924689874059457
1.1663189996505248
0.8277349771512763
1.43032929859003
1.7429495418651606
-0.5950672907857013
-0.051461926453413076
1.200288958933527
1.4011277031690217
0.7864802221497915
2.8739420093404267
0.8636643055551203
0.27094172089829294
0.8836867558388231
-0.1269466186572017
0.6444507595822273
2.3109078632732123
-0.637325451846652
0.8400873499314232
0.911144336499391
2.3956614442891757
0.2657844679302219
1.3873399249224387
1.484186404639323
1.2719268297748707
-0.5392750345289943
2.892003838764349
-0.13457567119561298
-0.6703215749310698
1.0667345318546184
1.2522064448157932
-0.6878210223462022
1.096258125502657
-0.6157042634922669
2.986452475328676
-0.8539548385165314
2.2714439966007416
-0.08866460504776885
1.343632272903373
-0.8809594191346315
-0.7292233520582867
-0.5514605188530823
2.79009337036137
1.6116806350200128
1.6169072118679826
-0.09577264020501564
0.44205316050805843
-0.09953420418184056
-0.4071081632607614
1.3982262880877294
1.6368615638497659
-0.8862894947473454
1.0716526565170894
1.1390257908954595
2.465173910854262
2.1646557588558357
0.6462121958218339
0.06047763409345319
1.0848523676404085
2.641143374770795
-0.3485070704344375
1.5174641872873225
2.4871102747173692
-0.8691309577965456
0.6325431564557675
2.483912395009484
1.5091729330847343
2.0147778040886375
2.763260757602713
2.0798629312202372
2.7662782388427285
2.9087590477313077
1.1106007702861267
1.5816425046558795
2.6773378278456006
0.8098976823032693
-0.7002898279529304
-0.5696218281935224
1.5574639901855818
1.048961668950449
-0.9715014982626229
-0.8206524153255628
0.4197763777978458
1.175991544751753
2.4475728961255117
2.9559776879327266
-0.09045522251649896
-0.33271375181294793
1.6564346929930163
2.0567662158299465
0.9344119073659907
2.797275567068758
1.8331361849755898
2.805815916938876
1.7805838709442725
-0.35306338050385366
0.8919257010689652
2.56466662998334
1.3319441515223638
2.719601077750563
2.2367506666894306
0.9561591321366663
-0.3283165981786378
0.6197385324845994
0.606693581752453
2.642645630937535
0.12333997619646908
2.0702894133216585
1.5662901172822445
-0.45400000067907476
-0.04690139610743693
1.1253873633833495
2.674885124035202
0.9177674848814379
2.2945570818346774
0.03728920658085677
-0.3959217754126385
2.697156181204071
2.995637349886242
-0.02104481048530138
2.686670758736664
-0.9068915432700193
0.17757883690232168
-0.4770429744257214
1.5881295159572417
2.378930980691165
2.951426053373039
2.6939186237051773
0.7051498807782364
1.5234723632261773
-0.35341277979222596
1.3332655356234895
1.946478279697867
0.43376451133700966
0.35837840270318977
2.8996347247794643
2.972981191706581
0.389483245710581
0.2275233858667498
-0.07030876925193175
2.4474665351298057
0.7205607905694202
-0.8173851803907257
-0.6436080865125497
2.9388492693242787
2.9133830031371577
-0.940478303380849
1.804157183566464
2.1437448597110644
-0.46534103762854917
0.34313915783461235
2.8573468111108737
-0.510127075326192
1.366311977643175
0.6102278370830829
0.401005276770495
0.3889359696669914
-0.3402946680074479
1.7827987372649883
2.3083821989196274
1.5010152156866516
1.4200052815024173
0.317120563627578
1.6447869322275595
1.8070499795219406
0.30151524518680284
-0.16129479558665505
1.8334913921951213
-0.26392070073456586
-0.6666695699983867
-0.08997677034312823
2.255079331455213
0.09847919012675943
0.7896043906295822
2.4601616998098237
1.7463352519353905
2.5301338210314075
-0.49222328311851693
-0.6448830920749087
2.4013328098869575
-0.45703098992088864
-0.6218253950627761
0.6844763964414944
2.278821010339672
2.9902042335215286
2.555730266896566
2.869891719656784
-0.019477783453007325
1.807307216320773
-0.8032682909124143
1.1023050393196294
2.2801706208008756
-0.09665596628758033
2.830977590961467
2.1785212073439153
2.558972423561901
1.3169419773921276
2.4482275456969025
0.4715795279934407
0.19830086500584154
0.7915339803305981
1.216110117773553
0.9662692674271456
-0.26728302802364
1.406285910843768
-0.15223697802078884
1.547604597380568
1.517599239759858
0.44338810016491026
2.658636611567721
1.5327494351958786
-0.5927644150878761
-0.41894288145823166
0.9064153575219855
0.13497636965232185
2.662094835788871
2.2936592647370078
0.750968218669176
1.6953629203547773
0.19814092244393744
2.9784699700271577
2.750855592949973
0.6086549178577791
0.4615721182095358
-0.13456584776019898
1.78959104379588
-0.08030710719538336
0.9536548264701377
0.7204190614264465
2.853034357403545
1.733568682160421
-0.8711955645642608
1.1903938828763454
-0.9422312910111532
1.1974973487120713
2.0132567814574176
0.4819510922457668
0.6986746642509774
2.8535528182255234
-0.5760143848652288
2.642690215024792
-0.9417353724684636
-0.9509197672249607
0.1938145075935338
0.5121239195227494
1.4393522629478137
1.159328365135218
1.84966336229929
2.7716209641828993
-0.5894153100981798
2.640614414952685
2.9620767613481096
-0.25870814332658965
0.0057018077635966335
1.7188059286013753
1.4236213606744097
2.9935867217544634
0.46421530754376117
0.022450303428076968
2.7177394510281445
2.240910761451306
-0.9461460165892759
1.1837621315167246
1.210293282991319
1.8613983384665214
1.2803752505798913
0.9166813522965791
-0.5298044051291695
2.2840271376850296
1.3156773197048794
1.3233042101275032
-0.17122570219838917
2.488152710883638
1.2449530931718968
2.9044605971857123
0.264012196536318
0.8852442669628535
1.1601890036616902
-0.15789549841752337
0.7152224930791573
0.5542868838798158
-0.46927543702292995
2.0978006522927997
2.3452430907101802
1.0408532524614205
0.12441844896941046
-0.9688781287342314
2.948101277828957
0.45449658025735773
2.9017146287029534
2.692367364261071
-0.7010672606209456
1.8857428667364633
-0.025425331974455956
0.7620892153012351
1.1245617660516443
1.6902677884081805
1.5981033205542556
2.9399214072214237
1.7087516542216792
2.653636663228559
-0.8311671256743123
1.6643715688174299
1.7339544190938294
0.6376498560908828
0.42706969103876213
2.2574066075132877
1.282137281990975
-0.2470907411762675
0.09829091229729037
0.06238874807033379
2.3485838133080867
1.5481579505577325
1.3345965656150252
-0.48300128802827924
0.6809644462583497
2.95770140986825
0.36991927648697764
2.8535469876568653
0.994516835883938
1.574988229315459
-0.02148763209163418
1.1152515379984949
-0.33653477047584746
0.72669272758885
0.7595956406298863
-0.2655031239612111
-0.4825916780895543
1.1825900417854938
-0.586042188221042
-0.9034908369773784
-0.370912734040173
-0.6443549103818562
-0.3712390922040423
0.7407932030933344
0.09186442316642474
0.25160427445524114
-0.5574306759365399
2.2854056629972685
2.5554588106418854
-0.9798960519388109
2.8520920473754376
1.1627301265578793
2.0354546022565483
-0.6587557057165636
0.2860648304135922
-0.9522185275021973
1.6611640623468704
1.2831511542827876
2.8683210165516
2.1886799743773144
1.1873507644821604
0.497228223501196
0.6094215481636496
2.7995648073891495
1.2520963822097668
2.3261170805046083
-0.30216650195135775
-0.401212644158506
2.601787550482287
2.885098338509164
-0.7353652950106817
2.6798780438516214
0.10174741919924535
-0.6183610299996709
2.605304394144369
-0.8040051186078392
0.7844335480038276
0.25543805961316335
-0.4526539292517313
0.6313324597939891
1.3676680163247354
1.3237277509079486
-0.45199738871167994
0.10044898478837827
-0.32007353264511806
-0.02159773795091624
2.3446468392229445
2.4164848253417954
2.95540136842692
-0.7224862547372755
0.42958849527728304
2.3952060728768183
0.11103692571615276
2.1436579024621034
-0.09178106648939477
0.0898180250192886
1.5761235510970315
2.2989935732192004
2.5682550138410667
2.012733922276503
2.036319301805774
-0.2050598427664978
2.293216583687606
1.5841488095366296
-0.6146071472573427
1.1828803957017655
-0.5116347263765821
0.1822675159154128
0.2709798220438975
-0.18448347476499616
0.8902157283850929
0.9939013561930157
2.5683543979578083
0.13996343615271467
1.2205700995632551
0.5558265550888248
1.006654691543933
0.2335394012235612
2.499982406538301
1.4046310199363348
0.5577713198955585
2.7083871588572848
0.20473732373255116
-0.8092345147217841
1.195187206341718
0.4829829614456298
1.1609036877512107
0.5052190011779532
2.6176841262149795
1.3604451654974217
2.521467823311171
2.720669098677047
2.5328067235616354
1.7313009655192662
-0.49396522702696677
-0.24544057688560117
1.3260320502340137
2.1915551085731133
2.4142968253559256
0.5638427829550985
1.9040444116471669
0.3406483026667322
-0.8531883141597731
1.937460853863614
2.840671976599524
2.531195644417247
0.09971848882944845
-0.8173067904073468
2.183028129493081
1.650291366328545
1.4890283299828164
-0.6131182984057131
0.5844171087268857
0.6719558512232875
-0.6293623437858971
2.6310205607548873
-0.08925272487475189
2.3838401515911443
2.5129326373755
1.3863671595946785
-0.7189111234790464
2.9377200759441404
2.222794173657898
1.3062477842620688
0.9353584308214666
1.5511414153195047
2.45157871387318
2.6232691523490894
1.695602476345741
0.3577796915808382
2.1251807523075374
1.1472594652476569
-0.9495645167904967
2.9579083201046084
1.0256314668259285
-0.45999423236776815
1.922042898129607
-0.2099931012497369
-0.10183264770307332
1.341376498403855
2.243747800775071
2.4309268618505033
0.6898174973622653
2.8944695550399935
1.5965275503081449
2.6849410162186684
0.9026698522474284
2.0573441429091455
-0.2219666801846476
-0.38702419565054313
1.8462157786962907
2.652767844884961
2.311325690276231
0.41837792187754985
2.5073242732502283
2.4723267259992667
1.5456407348332895
0.14302418908751702
1.6415590062021488
2.2529684595848307
2.121795688673855
0.3561144973862693
0.0072090145737300215
2.8478525347438994
-0.7244099688734988
1.796437057303068
1.9259175939921709
2.5197917659374296
2.324860089706522
2.117593227299746
1.4443529743533707
2.8500213854352667
1.0533424678434686
-0.17305714931067584
1.561019007287734
1.881986001120399
0.26535802740642356
0.16915843453740198
1.9065449337891334
-0.5480849417010683
0.7241690486508194
1.2865420619172745
1.0777514855127552
1.7688896899869653
1.5433684975366915
1.2641765349727032
2.7430538728185327
-0.8069750883011464
-0.035478904045590065
-0.347431181995163
1.0267516833895065
2.927038282932779
-0.7894234431857914
-0.31390150463977795
1.5296883267948163
1.4409230521901863
1.1925220264113887
2.8804553977711627
-0.6374507241753042
2.6021270976833897
-0.6040472813645803
0.6004516128570689
-0.4545564867545051
1.9943205879259926
1.753509090773403
1.745246398183264
2.3293743554229893
0.33164229382949273
2.3689399472244483
-0.08743694288250947
1.3088025390935347
-0.7707103149313099
2.1386311496166837
2.920679516258747
-0.3899011694742023
0.7125016828791257
1.0942746291524919
-0.22777841988361924
0.5795200397289388
1.0293259670299832
-0.8420806550800564
0.14634558811909892
-0.2222064369702017
2.255837653943551
-0.47280808329303414
0.871534972283823
-0.5720174355853711
1.614513441586764
1.9962311945652635
-0.3189293965597926
2.6277269616337935
-0.4248398824831503
2.84347929967078
-0.514326305284839
-0.6037118644129962
0.004357793478015903
2.046315995015093
1.2885039363073394
1.4311673797845197
1.377509615414965
-0.008879245510631684
2.446304412271571
-0.08424175384220645
0.23197190535093726
1.7364587637626223
0.3657842029514884
1.0981315003256666
1.99832446744728
0.22748314767882882
0.7607966446057015
2.7163413462180523
2.1131074095645666
-0.05253435178044419
-0.7754560878029901
2.4808671918080742
1.5765397705791377
1.4560876816573716
2.9729324200872025
2.839635791701945
1.7895838691751629
1.8193005489444312
-0.3434132941985548
2.2810998389745523
0.9472359848667147
0.8084177913368253
-0.2969502312232668
1.9156921912719815
0.872123464611751
1.977406076400277
2.648167331636635
2.263169123308008
2.5017578064164647
0.11835391989121935
2.967303932215321
0.12217034736495958
0.807665486112541
0.2148836230632949
2.9259324928853245
1.733889209303973
1.5108412543368033
2.4241957287079607
-0.3450505430393991
1.8719967507805955
-0.8367803353240963
1.5804262056287226
2.429673408156308
2.9219452533508163
-0.4302795906801642
2.029192383981968
0.846574378462585
2.583913794151128
-0.2759624887086132
2.5923121966612546
0.949603391267235
0.0017088786424210856
0.8242910559704355
-7.2356980761068E-4
2.566529171503449
-0.29941369670327167
-0.08971707254866201
0.5203496072072451
-0.367519815716842
0.04299200980022855
0.5305296378143463
1.3165549256844806
-0.961379573675178
2.043245709556369
-0.9200596099594274
-0.29018036504939215
2.952346728258279
-0.12279071307036826
0.6486338305455241
1.8970030478625222
-0.5463406151658579
1.3189530252804675
2.630279807517732
1.3760827847578594
1.6482489063007228
0.7388961786790587
1.2818854564869793
0.8888519012088569
1.845267827123651
0.8730627807266971
0.27156179140517267
-0.7872876297170175
2.883767305865658
0.339907040766841
0.09238166738182985
0.5600453541625063
1.0909629945866992
-0.340399885463855
2.8528800763450275
2.8540986237609793
-0.5658752236936255
2.9575452453793316
0.7454491868489812
1.788890262481152
1.8991549092475621
1.8623799184254697
0.6749980063682408
0.4501095317050079
0.3350087359320748
0.44305839713472506
1.6021234260681316
1.5176647646995214
1.7630832498345066
0.8763013825794999
2.2233745662045474
1.2975075423469982
0.46222541393680117
0.6562959295499613
1.3831499672486343
-0.5586949402815236
0.4517910908717164
2.6316702780170615
2.4586852855189845
2.080218812794355
1.8247417040841982
0.34366631371124523
0.5045747700368026
1.4496797790488107
2.876978336147686
-0.5394010875566639
-0.4857096446500091
0.023741293265339358
1.237898306072757
0.8528703768353247
2.457204900177188
0.9899736148486764
0.3587358098945481
-0.8107626920384294
-0.6676639163540792
-0.25007500453232434
0.29220474743442915
0.15171720407332479
1.8970329580350762
2.0592741133535846
2.650556119094854
-0.3384254279351713
1.2156184027142753
-0.3972705664484113
1.4804820136797976
0.5969373896891876
0.4349900455203579
1.7628909708330038
2.436039615517465
-0.4967979024968745
-0.05794301603777696
1.0006153414322632
2.2626473732865193
-0.8124031928987903
1.575806828601921
-0.2988765838227787
1.590840937163812
0.17956836373146912
2.4571585506487903
2.8819390666200575
2.91461572543491
1.4996649972766354
0.9338935801281791
2.1584898457117783
1.7594075255692139
1.5882377030422756
-0.8125442361166477
2.3371412727168974
0.9992525443582867
0.5320375612155026
0.31062483826200826
2.4126687980059973
2.6829994277324722
2.750907229000309
0.6944113344222627
1.611663466058636
0.3527742970740033
1.23362892776447
2.45149846072049
0.050702791186274965
0.9562222542044372
1.2732503922621248
1.3148336827377787
1.0983636826880798
-0.6840439962560634
1.2737770794443777
1.301440633764558
1.1439357122920562
1.5871787465197706
2.7214327375465013
-0.6381716454378856
1.5384153195203374
1.1997278310363262
-0.912936352523934
-0.25857681011012046
2.8095097467292742
-0.40247690875051045
0.2829088196701455
1.049903472965642
0.39600019576858614
2.5793824949314623
-0.26284648643939224
2.0063973405966777
1.5571340852011024
-0.22161667362002646
2.4372812880173056
-0.2462300630593781
0.301702418589298
1.1911536247068188
-0.6327521164323309
2.220698413777485
-0.8282317450991494
0.006031628033974945
1.1667731209719814
-0.3903686410473428
2.0976020689495267
0.19719323465366934
1.8991707696328726
2.5504560130813148
-0.43562868586247183
2.082809777000839
0.032459812055634085
1.1055399742323002
2.181472084398062
2.638544817772508
2.2727111468615346
2.685611727593951
2.826044542275674
1.1807238880762014
-0.5797578346903094
1.2668548930149373
0.9603939647403605
0.41679217596319007
1.6898550988300636
1.9203428844610684
1.0311059632179258
2.250379600905816
1.189833432327879
2.3820861476957838
0.3836743111574894
-0.5841128751557452
-0.8407002592904764
0.41257237810037783
2.706537760976402
2.9540440227820195
2.434660660975382
2.8260062698786674
2.5557894210593717
-0.9126371139340734
0.2445920321389965
2.8809066583385348
1.2109721538705398
1.8305706243878468
-0.2987628155769053
2.669173464947858
-0.4968123215233682
1.056780162297097
2.5087751921268033
1.291438957259895
1.9318234295932057
1.8107669491047864
1.3986175602305368
2.676971916284329
2.3193754915868685
0.7882351765000324
0.16721870990325738
1.9678552886054512
-0.6016254680375139
-0.05162239163899551
2.813037094370031
1.2560404769945746
1.5175115303702218
2.351730400413966
0.549912179682942
2.0820309925215743
0.8849849237349787
1.8894780533655728
2.859644472874889
0.14637736570872173
2.5219084247993444
0.9937389157104488
0.0511887820395458
1.3633051882420824
-0.997937616745445
2.2931442489446656
2.435611737880327
0.10791374673975596
-0.19198711390463474
1.7968785507270082
0.7172754308641056
2.1741202814374083
1.3115817003297576
0.22296596811549163
0.6150091521920222
-0.29411741702220495
2.9832042689985303
2.7534522601841878
2.8278517313426024
-0.015517732679974916
2.2412854360412715
2.009400148284546
1.6657556439374837
0.9613178876336659
-0.19409354144541213
2.3553234218416685
1.6906560363194034
1.3781809193922985
1.4116388587511042
1.4344372550619013
0.48241204370347024
1.995108215448696
-0.8661421836776313
1.8055056177974382
2.882931121934692
2.473201084038719
0.8242292448002131
0.4437699221449598
-0.2974704155856014
-0.6068675629870786
-0.8619110937634029
2.4543440820190465
1.5074070372859762
2.6397735231984223
-0.30862394570465024
0.9754650052664653
-0.3281713974161893
0.039118972149045916
0.6868565906823354
-0.6788094639213
1.0284489168213937
2.0232416479794066
1.0864466182901913
1.09737100146191
1.663195605758967
0.49798995956550063
-0.8500231917262584
1.9107542014478271
2.4878791351734866
-0.3066245024203198
1.105215414119669
1.74726617583313
1.853796608814357
-0.025218155543980103
-0.5768083717147943
-0.9334781483133654
2.534398055611708
-0.9349358329001471
1.110097650426849
0.5302911094907643
0.964720143740619
2.223905553062753
0.32151986505229435
-0.9436252228952005
0.6325887820899323
1.2184010542735708
2.5112273706144252
1.501478203958376
1.431978577455511
0.21844104303021927
-0.3701273648946881
2.825124511463259
-0.8660489312706561
2.300589223352385
2.9204276987243567
1.252406345502315
-0.6937960378880517
0.5353495098969128
0.061978725583026195
1.4674810179396058
1.466511951395816
1.0795900935903033
0.07239325997828794
0.14446586909162695
0.04143384421216223
0.0825279903455094
2.15280337327091
-0.6810706834803875
2.233454541388705
2.358336247791931
0.38998385183534356
1.8946596246848317
2.531256017562316
0.4541699421985612
0.3111115786257652
-0.4910800677155327
2.6501681715353653
2.6814680380100153
0.4664291748639209
0.036027942015836256
1.2244889877521965
1.0002785076445189
-0.39347445137191084
-0.15047008091881064
1.9203579257533068
-0.8403223856593645
0.9212602927417284
1.1342983820944448
0.3258471660653266
2.3785862130908413
2.7396494170422026
1.7563420927260156
-0.6447899272983564
-0.4988918100132449
2.924883145825529
2.4387336349978055
-0.5835008985347334
2.449422102543129
-0.49276149506205136
1.56576566640165
2.904625439799518
1.143062252997971
1.1151564388737971
1.1242285332460806
-0.748843022772828
1.9685293161377526
1.5610588652457382
1.1447655125504597
2.562043119124218
-0.8544138058010167
-0.049783127693083795
2.618022518440002
2.6869072357557675
-0.9813478283099981
1.3927095848296829
0.2956557845975629
0.3041242720590558
1.7442768355005192
1.0171642392406706
2.582412399355359
2.062070022306816
1.7477341529381947
-0.7166973067552767
2.275883238226275
1.393400912203105
0.12352685466628999
0.40232305288737735
1.9093679496226568
1.6562144395694625
2.1708933621226185
-0.8130471097953664
-0.4504123624254217
1.6330266043934711
1.8594153796207133
2.168221558079927
1.1137069808062163
2.797706435278881
-0.9951211519363579
-0.9008068340908713
-0.09583954558926933
1.0985005616482424
-0.3873332268315226
2.6148260305012347
1.6951425870425563
0.79684820585879
2.609004119347194
0.5269087379273452
-0.5406880314890916
0.5185416686261122
1.0517183216838342
2.6902038112810507
0.7334578798664924
1.9856809915702156
0.9423770596998604
0.32762480488159773
2.278686377896101
1.472189420488245
2.4605199387954007
0.08592608403593571
-0.7740495465026849
0.8656067977694046
2.587405226957901
1.527393882125647
1.406486773032516
1.3538183219007578
-0.5430898882352446
1.685306845999357
2.2352476021939998
0.5642263108505574
2.4315352832641612
-0.274855965042901
0.04626355318384112
-0.9134013371996168
1.0830373976377727
1.892841648967446
-0.5264329496354265
1.6063898914473627
-0.8626321214265162
1.4585446963309057
1.4168291087260325
0.32171996004718073
1.3347680577600445
-0.8446042612232272
-0.6782739780370552
-0.5773039731460596
2.9203491726909365
2.1859644095113637
2.2576974180534877
0.8577753647710473
1.143320111327814
0.31740410081990955
2.2258091048745428
2.4055460934459356
1.723059733353093
1.9311990735136173
1.9470005075910903
1.0416580445926646
1.9051324135848495
0.6591638664517891
0.7419612536439009
1.5416739693574382
2.7433789636256236
2.99887880967486
2.452245090942724
-0.028556583155039172
0.7240874345616908
2.6852190747622977
1.041460665408009
0.35147813543898576
1.4550356149233694
0.18975407148043888
2.5254481634849952
2.5159864647513777
0.601910106598198
1.0410988324471764
2.3117256034298457
2.529961204794639
0.07875800791626264
2.3027267322393117
1.9325545145852572
2.3670487584109945
-0.709148623398747
0.9400926737759874
0.5948878156982882
2.8861811384195994
-0.517976277444977
0.2829896560771967
-0.33248693042242294
2.400153964557401
1.1874035342930616
1.3882905072253007
0.4593525184909695
0.7584809768308072
1.7114858781715008
1.4020557154503852
2.091289334684708
0.3009266098065275
-0.12347916835137007
-0.3197552167377764
-0.5776804747466409
2.6094446066164245
1.3104524019608659
2.7649999706428767
2.9562290580110178
1.5286546684607334
0.7120362617944631
2.9900018923893583
1.8438258263233769
-0.9348221265409487
1.0371076113452191
-0.048984203162218076
0.4853061968543817
1.42856585728639
1.3728861119592846
-0.17773770624595908
0.10003661828622645
1.538017079258617
-0.5901444268174942
1.0677140557658973
0.20405437519853864
1.0513176715545178
1.5922722755600385
2.1040942893056256
1.556387565495501
2.6232624408557816
1.2114767349051196
0.5526545986381184
-0.23902862903171362
1.506500050011846
1.089130831147516
-0.06420118824875587
1.9318865527436233
0.6457148234637855
-0.8605805210483222
1.1705963439912004
1.2340295925280642
-0.6056020907292046
1.575822738339639
2.2162468943314777
2.666554663633402
0.2556283833684201
-0.5789641560375882
0.8289529578429216
0.6843584381054251
2.2928341279405204
1.2278103601757122
1.8662146727633824
0.8405949073199501
2.686708536213902
2.3788844709692625
2.5576527888173586
1.86454542360096
2.2250176527849312
-0.6204831676385769
-0.46979840544198925
-0.24435068616790745
0.5697985446590137
2.703940685205522
1.5809556010369843
-0.1801256467822967
-0.3930846950211946
0.6528223390667212
2.036868208838218
-0.1612091530598232
-0.5301587592360886
-0.7110936922788502
-0.16891205836498902
2.1509271258216778
2.9033265249082394
0.18036588385584063
0.9663807479551214
0.8077023549662119
-0.6739354598865248
-0.18574236801079969
0.6345036028619047
0.07816271511929473
1.2738494254990664
1.954546760156287
-0.07557734162792418
0.0716263847220695
2.3104444856048554
0.146475298827502
0.20534824036909227
2.0705615463081983
-0.8763690551632572
2.7482105749701233
2.831059185202097
2.4486347083292843
0.9997200484387687
2.1895136440850633
2.896549862062728
1.0614552786186948
0.2762652631302809
0.09945601857658026
2.0195228372896152
1.2410865954632064
-0.33992222305044706
0.5153430732315665
2.045957789523067
-0.46045141455186056
-0.09509136299495924
1.1584281717267566
0.5423826498223732
2.599045123894942
1.1381492689904624
-0.4135304681297036
1.9438059760377264
2.15180817948343
0.26786728183738506
0.18230645472495133
-0.5493116624982395
1.2251555592947203
1.1669015910200013
2.5081615875184946
-0.10544609009802652
1.9382013331694374
2.7355027060795356
1.958107693143565
-0.08415178508160714
2.2377502672232596
1.1098959032097016
1.6639562900720448
0.6802106247063231
1.0526658788604024
1.376631660471539
0.614986113943987
2.787399122632919
-0.611732149457584
2.41697599608544
0.9539715001944167
-0.5597740921582881
0.6779099568953049
2.404859147283796
2.269669861094095
1.5520733474447095
0.26847093543027056
1.7003493786452746
1.5839745643903742
0.9308727066733031
-0.3846831055367863
-0.2549881377939349
0.675689593686345
1.0159813249937204
-0.33619640664357897
-0.43747347981397056
0.1329223704153908
1.1244878381664616
1.6646514739629505
-0.6611142976997806
0.7437585366541091
2.0925569837002884
2.4443855722310817
1.9815389377293304
1.0732323407648288
1.212178196177522
2.369362231894462
2.6933519415438516
2.0158667845809317
0.8856172663351753
1.7403337479780212
0.28685537171597253
0.3192986826240958
2.971929978988374
-0.47552266007758903
-0.9340017895771848
1.0190035396532362
1.1549952530127734
0.40213119073798764
2.9954459871835066
2.41060560794898
-0.5971500724020815
-0.01985297915198303
0.02662353795406558
1.5116303918074216
2.574092067210641
-0.778187101364815
0.28769925909338956
2.988125285687295
0.6922520505858691
0.8794339785745868
1.6269103713160102
-0.5209694553113191
0.025610907240416703
1.7210276809219638
-0.9103100920280767
0.9080457100932964
1.6475150334198898
2.402679793232414
1.9391293421987639
-0.8041923410571015
2.0268660501822406
-0.01125604034742711
2.121622542047146
0.4526362814622513
1.496162025672144
0.6657984660803928
2.6228714228635677
0.27005811251909084
1.840643816939051
2.264765193061911
-0.44059324814566403
1.317348124061623
2.735045458491965
2.878803005125337
1.2371791202575135
2.67170395959735
1.0995186503371677
0.1503575276005824
-0.05671466090022048
-0.6318441130718315
-0.8012118394895189
1.9408978576858817
1.3980233438761318
1.8039391741334532
2.581268345036894
0.6707538434011453
-0.9377343334600914
2.46162252014168
1.964677494365003
1.605407153460633
0.9429877921497614
0.3423178213527587
0.9746010073320481
0.8240031624609452
2.485739417042823
1.7434670308611975
2.756267612760889
-0.1437673358570375
-0.024277866624338618
-0.2410924939597905
0.8573228699698086
2.449277049781992
-0.49484939465410926
0.09283705023155453
-0.4030986274684485
2.718746720237027
2.0060921631786046
-0.6593014351758086
2.59812906757423
1.6518093394999516
0.7467145088594747
0.03589919903537986
0.8851237252154684
2.6772199636083984
2.445249983866562
0.35911977907582404
1.4609051842891043
2.854450577184288
2.905993538806985
2.679381837110019
-0.4487204660880286
1.7283142341663633
2.814621109135601
0.556440704952744
2.034085464847304
-0.5731666163169056
1.8351808256172444
0.5581906537318224
2.5956974544101805
1.1540291275356422
2.5133153006456066
0.04112049000536122
0.8792494491825413
1.0525302957503522
2.45251104229065
1.7263953217176808
1.763277210634421
2.1765693454231285
2.7746059298235983
2.45667222689726
0.1482877680283956
1.5741773685703315
2.018912637313469
2.3754029704818755
0.5250697676523832
2.368060470520938
0.665123241421542
2.0739348825415167
1.2019099698655393
-0.2755866661170272
0.06615284777140129
0.9263366794945587
2.6776075796175145
2.5564803125004003
-0.9010028858097006
0.10015530137289264
-0.5574884025416789
-0.7074148711512318
2.2028424380678717
1.1306092903225835
2.3054804446717307
2.048118599487906
-0.43858673606945375
0.4837297673444887
2.6394464283097405
2.316699351846907
0.7438344856695711
-0.1592902956808666
2.360093205620731
2.486877945875718
-0.3617526427800819
0.681872925758896
-0.9542630284270583
-0.44592016452628447
1.8303056891573777
0.9923979225028234
2.9992723562724324
1.1707272764344094
2.649738860498716
0.10350554131081946
0.39701113529108856
0.08159412728257598
1.1348303673899358
1.104890371931998
2.6322742014421996
1.145622112794995
-0.2992749505738468
-0.01050119741883937
-0.8237245400484392
1.7304032339776068
2.4138026694098746
2.9057397291429607
2.532427154935111
-0.39519068753763276
1.4609757438524025
1.8717522389730739
2.943345817055058
0.7780318544841098
2.323462021635248
2.556803829267306
2.83173202032052
0.97677783032985
1.314870308407486
-0.5523645442831204
-0.8615309837092098
2.530911969859583
1.6678718922980462
2.7808037850692484
1.9052327969905103
1.268536858817373
2.9460058256971937
-0.3212822261784283
0.18248615340321228
-0.2253322027904925
1.2096517204384112
0.06176129301537858
0.612255464973892
0.6896412901321998
1.3307622462337174
0.6475297393727362
0.743403136783428
-0.38032212480126315
2.9622761707642495
0.7733662719621477
-0.9299314562889966
0.45661320635636193
0.4076612380937339
0.26096980951312965
0.8834220747849415
2.786144587150231
2.346754344412161
-0.2605473535876244
0.8862035957945058
2.9712168591849712
2.51253289514392
0.7666920488032365
0.34462021889677663
1.553255198175051
1.095501225468305
0.6764181703316616
1.6515763699372537
2.9821424463076904
1.6753022816801852
2.4729847077137945
0.13221372207802773
0.20012344772920976
1.2862141571978956
1.363156839596116
1.3858951417293726
1.1008565382356488
2.61165883198099
-0.143455803602494
1.910040689705983
1.0085596864755069
1.3885666725454318
0.9579634641840489
2.8531806132986874
1.6681284803095655
-0.042532767873211696
1.4597315581040635
-0.7928865395310107
-0.6192344860817154
-0.8248596145513902
0.6372282279718056
-0.7086684273894845
2.4412816358323295
0.9091014585603021
-0.4582882113252411
0.20528728186981948
-0.9680612468286063
1.099149465380128
0.8686043614099503
1.1542061243753634
1.3808621084677841
2.257827122764146
2.534383769689962
-0.37578227624193783
2.857672176370543
0.3015817261671352
1.5059254779461761
0.577182674844624
-0.20202250836466118
2.433039551202212
-0.0450229836541578
0.21224323543948653
2.944476872734086
0.08544466690606822
0.27522255529492723
1.1933443296281032
2.5064391706960425
2.0794226473054023
1.0536540857772176
-0.41138718654258755
2.187250643611982
1.855019295792889
1.9073109633471912
0.8068490912446076
2.828557394255249
-0.2208844085882602
2.270407402095008
-0.7619579004838306
2.2943809643877953
0.7950268150869813
0.4672509394669062
0.17058875155725306
1.3940069125951258
2.9950735930930312
0.8970667924107123
2.058892761714827
2.760014017306477
0.0017399883873836508
-0.2608702782056562
2.138750598645686
1.932970643432938
-0.2921526396927814
1.3578323152719431
0.9430507315028334
2.0625273138454068
1.027978073746147
-0.54600147120507
1.8597921236065176
-0.8130637228088904
2.5862509953700283
2.2297794673235867
2.9897480479943104
1.683437582013597
2.341799163766285
2.27756607500646
2.0595263237898243
-0.3872127066376825
2.2957737596314383
1.2798112333391167
0.554259605514746
-0.23874536298600435
1.1503729686871522
0.8155902595043023
0.9582817359719964
1.4222090581809796
1.2592822574170952
2.6660872844571486
0.8200916055110838
1.7411979779894353
2.1779855283294447
-0.3130727919125955
1.86621635018002
0.6936569986158607
0.6419030661921135
1.0242231591985234
-0.4988435888896783
2.71927858212904
-0.679219087151997
0.36622605353462756
2.40128914900029
0.3848149333009778
1.2473649801012012
0.005112846209332167
-0.7217983805134713
1.0040741312328416
2.815766472338683
2.4073350326230916
1.2818514962120025
1.2802684975955851
1.4453873782348485
2.0160965666225317
2.9011828755607945
0.9223808170926953
1.9227665433853334
-0.2898760416092405
0.7664049468577563
-0.7385670594403202
2.1828941283338903
2.0879805142203365
0.6151972683280591
2.448660517406983
1.340372996579282
-0.26727836434961105
0.07223198702072042
1.4361180070478763
0.6498448572547715
2.684565147588643
1.292769154964567
2.0246019658161156
-0.7202059229396405
0.5318965386185972
0.700032299216675
0.6515371683487277
2.2401007910034783
-0.40597745581050626
1.8351105047313165
2.5838930725606293
0.014677250239865325
0.32183387511770123
0.33766385820217293
0.2351602259721639
-0.7919902776597401
2.4126356532083637
0.26031610908224856
1.1635332458483607
0.29137676255717815
2.6684743182965525
0.5465382826365701
1.6508883637432383
-0.5729918855251022
2.7647617286176134
0.5488098719766534
2.0853876463410286
0.5575374253436487
1.0405814501810973
1.1628152901863125
1.2746173845973716
2.091408888874291
0.18306091436235694
1.7755099262256455
0.2835382884071731
1.3202402826906487
2.0525319645668665
1.2376964849599246
-0.6637854601448818
-0.6775647140131469
1.189286575116762
-0.5283464569880212
-0.6241870368432934
2.329120500468264
-0.7788858617965586
-0.5160441114572694
-0.15908825858086972
2.875929097805078
2.7272712374305854
2.184748483108114
-0.6557515758333583
1.8068201523174066
-0.24925177927917397
2.9671067098228763
-0.455067426814761
-0.008929675452987063
0.021479618182099536
0.3122618579567198
2.5837431409889864
2.652808800608132
2.2699094439486336
0.16318901437085298
2.4221522110796556
1.9537838303221737
0.09601902933419337
0.6301875525399552
2.0799358770621406
1.436898487977208
0.6066468217349268
1.2879512152385681
1.84777889639287
0.8908795989704898
0.2669949780337011
-0.4398135008116111
1.5836553936162117
2.180434164994418
0.5071629661620727
0.9006708733111486
2.29283293656287
1.9550684060102475
2.30989484063005
-0.9063676739615838
2.687798103694086
2.6034272080772674
-0.3055492145946579
-0.7380857582630598
1.4288482344540194
-0.6046076523470625
0.906706963690844
2.666686765213177
1.2792966150239107
1.220443569905238
2.292620844621226
0.8421743984834904
-0.5866129328337721
-0.5724594837889563
2.1847769230891685
0.031053197672392452
1.5056595255915521
2.1680591551165995
1.2105483347196329
1.0403503630410589
1.8876600067246692
1.5963231762144554
0.37484579461138345
2.2372088275321103
2.9681951174253403
-0.14071879021811617
0.638970889189773
-0.9945928478933828
1.0501546858642654
-0.2513232570483568
2.8700246651108983
1.3317730008175654
-0.17115947457900216
2.359646474828455
2.565911172239854
1.7701013106602712
-0.007429175222309903
1.3365882467045505
0.17536917144828235
-0.9356114815341745
2.0846517779191416
0.09791024254154901
0.3642044636299573
-0.7556469057728143
-0.7802296771321648
0.9914216302281784
-0.8984752659266484
2.0773532527202363
1.0290377910695914
2.9930519112747045
0.007909633051029541
1.6506919065370464
0.26564001183976216
2.418309397006438
0.5381485553730221
1.5284279475131486
2.888766080527105
0.3286124427481716
1.1368814367952849
0.5125179795587118
1.7687308516764881
1.6682424215764007
2.244383833373094
-0.14511413986318922
1.288338050221548
0.4814459020052382
0.9436450556747265
2.1572884494025724
-0.8170801519462996
0.6242512247946024
2.3445232101835876
2.826984705504632
-0.46529847473129937
2.811589774635447
0.13220346681583606
0.8043857958678782
0.7498908434875802
2.739697839003899
2.9481283509569316
1.46946676832506
0.6006281985355051
0.010247563136026594
-0.04579312724465967
-0.01263684023645606
0.5234152705203072
1.22586398272555
1.3323209083700966
0.1585779379087806
1.9182007400087164
1.7340938363542513
2.296792748506107
2.4796866179849966
0.7425323714299921
0.2694887988659358
-0.899832537598666
-0.47534754860850725
-0.23902687837354697
0.016697537784430505
1.1085399902331965
1.7679270797217836
-0.08841137646956798
1.5161845455652403
0.8054652773445341
0.37189931712553337
0.7794470774418907
2.282152277267034
-0.875016839636757
0.32396703752579525
2.553796734916282
0.42989676646826736
2.4381130074549926
-0.9262301338901529
2.850272934990468
-0.84146482399309
2.332742978276589
2.7066768641403574
-0.5561173443387917
2.6794011897069048
1.7902301925341395
0.3946192749389168
2.3284356901409398
0.2911490959833656
2.536735970667209
-0.6256223521166198
-0.006297052788755142
1.0542612228139228
0.1266104353236286
2.8135976591710987
2.7321230489822677
0.46228931559068487
0.9570749701758516
0.500829057571818
-0.3854505828811725
2.405967590114722
0.4184641488233516
0.13033574424059702
1.5914642899271514
1.9185402253003563
0.5711902799260322
1.7621043901829163
2.363106278784739
1.8222640460055326
2.314606399524228
-0.24229095816625268
2.803396169950285
0.5617994498955532
1.837334032223766
2.3268084323313536
1.6442807518123979
-0.7152567450698393
2.9935770787418416
2.940571895807842
1.014340140494868
2.333408622667935
0.14316919750655765
1.4718853165718624
2.71833144469955
1.413709393868866
2.647282591645018
1.260663648436842
2.924876211767928
2.367904401161692
0.0869882715412762
0.21513616149914494
0.6426792147495057
2.1162754643254624
2.131042366960976
1.8661150820613792
2.5867268693894343
2.1989063235759936
0.8554780719144399
1.984876054271153
2.474115320401198
0.5912551177686185
-0.713675615132759
1.1764537074349632
0.9070849249021782
2.0873069987202193
1.138024405092069
2.470264887153345
0.3832262824352033
2.948528334771234
2.4087519856539847
0.8627805394464134
2.9175436862535413
1.7455780579648148
1.0811839056027868
1.657515951535501
1.3147785214991112
1.7530520233630518
2.0551226071343973
-0.8204514840332797
2.917104456156875
2.611270493700348
1.0541077312570102
0.9775590403654766
-0.15160027468726978
0.47432572234095605
1.5425757328833531
0.7205325649096623
1.9943036516382309
2.156769860332795
-0.02831744560567606
1.5447197582902892
1.3614783523633476
1.5214935223650496
2.1773978672458107
2.661976587609549
0.9705063048192337
1.118119139214316
0.7754427315547103
0.03389711591284539
0.9997577008600069
-0.6678954759881477
1.6034713075692562
0.7235963019323246
-0.7211764283098765
1.025721212092024
0.5624663799977816
2.6548214124342184
0.03764218802710051
-0.24320584347707563
0.16767572807582454
-0.8627262539580458
-0.1287834702968873
0.8699761943859194
2.1718055439608994
1.3039445347667364
2.9178047115053216
-0.3255069833059372
0.32415870923603896
1.7181102162258295
0.029996791882374252
0.8271407404976074
1.0734029317305736
-0.2844987647005739
2.5517372869763175
0.00565551920839602
0.4266430674277095
-0.1801994086854255
0.6123602534018078
0.5074229414361571
-0.18447551214674718
-0.269736730692272
2.3177355598581775
0.3500619392522424
0.946249357884049
2.917029395723227
2.419138444265542
0.04185573250213359
0.1015792594283158
0.627541393920086
2.239043222413793
1.3411874371178631
2.903353922413213
1.3526975713409188
0.32777679355547695
-0.5264119575052688
1.0410917508582238
1.8098923109423213
0.8238993178169878
0.3728996437411727
0.6227425791856405
2.3981923514578556
0.889890539053888
2.0276179094565925
2.326852211363452
-0.04139622629437811
0.4113522708338513
2.220385829129411
0.18919109947688084
-0.3922883292122257
1.0497615675177028
-0.4565920132903085
2.574907932708715
-0.9615484694049494
2.947714408505251
1.1626260584442973
2.464507412911125
2.7400308835961216
-0.8628939497409507
1.7936024996059112
-0.8763097368677288
1.5436624682604716
1.7554581227509871
1.576683204368639
-0.08686903849728367
-0.9729112351485958
1.5225369560765378
0.5900239113498587
1.108652904645122
-0.5413693080970345
0.49129341416938166
-0.4376181554715568
-0.8630766905587333
2.8838654387758016
2.085884388025523
0.07074208276673377
2.207998328172147
1.2183787705859366
2.1245173164598725
0.8381193077840634
1.4849508041099653
2.520309128900675
1.810776148635685
-0.7192563420661349
-0.08993574961186312
0.05107405285803801
0.7047457388946459
0.6352751384258672
-0.9170602843683646
1.2306461850032213
2.9069373154436406
-0.43546913135871024
-0.18757459651747732
-0.3396779257323759
-0.2116045817504424
1.3943856393450758
-0.6836887740573852
2.841954022630004
1.13236923938105
-0.37586472329159926
-0.8274362072059764
2.456992298779347
-0.887227680134467
0.8294397655540988
1.3172800020580162
-0.2766166840492339
1.7021498742002643
0.05554900817579478
0.2813533612276331
-0.21073540875568564
0.6217340194677508
0.703315337035344
1.0316847846382367
0.7681511987083451
1.1661060241394994
0.9859002077544325
0.14862431088042483
2.0326017735132518
2.5110229416774636
1.5644366752000183
0.6910621911445212
-0.12207112550972399
0.008829423156613947
2.5836126642622395
0.6821133781141653
0.752278224276556
2.115412655002613
2.8295049319888093
1.6527211948558655
1.8546556264943124
0.4426258666660263
-0.6672109931496009
2.387591338791002
2.505703024473699
0.07189418019086569
1.0293698191966845
0.29347029876058617
-0.9474855189909928
2.0333108317972854
1.9034750175089878
2.277623983605793
1.8799135241525258
2.92301012194795
1.0912278068418546
2.667673425494395
1.6264011156821143
1.148824889518078
-0.5664377724696255
-0.6366559838462729
1.4753080565530756
2.00683223997435
1.4777766805055705
1.1979706007505322
0.4292789051449011
-0.2306769315695152
0.4833655919690145
0.5871180286388373
-0.02836222082058959
-0.14281104882388873
-0.6061634283043777
-0.08097571394903369
-0.7462582351079152
0.8822891707581015
-0.13429053878247954
-0.20537824512357972
0.38895550452942684
0.04234475145516603
0.0475860442329441
0.9743807566734588
0.3039245488923443
-0.3936919913668897
0.8084400996707435
0.021343510693960788
-0.3698286272285838
0.49599657254683005
-0.8893510818290105
0.42485153076574744
-0.46719315464044886
0.8171725440122517
0.08494242005905495
-0.9368285287374778
0.4793530693496191
-0.5167561685418136
0.629492987515041
-0.4921616988865436
0.7245069422738595
0.27588993609587287
0.7577036237723611
-0.406054512815603
-0.2428307003698955
0.4868074246373315
-0.9579998500377791
-0.5656800130125192
-0.38272623075848355
-0.4155064183404067
0.9003980287837952
-0.8633009681719459
-0.8016784157998709
0.25599253220356766
-0.6256656091336497
-0.8428009409025852
-0.1278687439095718
-0.4949865303201668
-0.14616289670344296
-0.6149251878236432
0.3068777056770906
-0.17408985038222835
-0.2777687417156698
-0.8017919732192105
-0.5668054833570828
0.7510996958913372
-0.9246037357879082
-0.6906656866476844
-0.524649122260886
0.10266625206364455
0.4062013325012692
-0.34896984152704436
-0.05694777146477792
0.5440523324551383
0.4153525109715033
0.24917969528916983
-0.6621276333072694
0.893071584591421
0.3851087110271558
0.26672810385687784
0.7945184961445473
-0.6159991925863433
0.13048828458756345
-0.677458041292786
0.7260030391408594
-0.3586107377218717
-0.5372011533740895
-0.28437805124502136
0.697221913937385
0.1220516858130889
0.46463506636744945
-0.7266443901122075
-0.22766872048474873
0.7393251505498428
0.7642247133449611
0.47531201941812795
0.9709815122542036
-0.22247285887635115
0.16306729415736165
0.45307847248364164
-0.7909806532847516
0.4388124275058931
-0.3374301371252153
0.9578490832235991
1.4186167246204393
0.6779786700761421
0.520130626902573
0.8399090386209282
0.02483491847591357
0.6885759937974592
-0.6412926662804987
-0.8631728496365156
-0.8392092106458662
0.8689091823122643
-0.6501759865555385
0.3047070640361995
-0.9135468110964897
-0.4619230894059527
-0.1789152697991816
0.3687050734720865
0.22065201026898795
0.5859673801837666
-0.8462587199377167
0.4070239821769035
0.13278473540037394
-0.051817026004772115
-0.570162301554348
-0.8027207769383229
-0.9945547266826944
0.38687170762850975
1.4340084655974892
0.6589477104854184
0.7460975759277302
0.21877719193884038
0.3969190709731283
-0.8539592977989683
-0.18820490934203105
0.36788773869203095
-0.4550644043224401
0.09073751320530032
0.16201821965393726
-0.3126711311447936
-0.3482475721768765
0.4390823315403003
0.25726403246133867
0.6998673814252836
-0.4243569268254943
-0.23570425419851038
0.9751346206644167
-0.8083775811322276
0.8898442242591822
-0.49119002509454734
0.46676492309442086
0.8921873245150265
0.2676283207879777
-0.11808683549073429
-0.8138314311148787
-0.8717718847307523
0.5528939162518325
-0.15683565405974842
-0.07322244683170687
-0.5026943836346198
-0.3783123133208943
-0.3311660547157067
1.994655039642819
0.1715374097732414
-0.9134783782106521
0.27459131185491326
-0.22063265477525174
-0.1400432852615856
-0.10577339469715441
0.7797061848537117
0.5773143452571428
0.8207189009236366
0.904657310909025
-0.824244972805708
0.9724666208120452
-0.7477547388318289
0.8562364778059997
-0.8066145537443106
-0.7233310273299418
-0.6177119226654422
-0.4105813992032261
-0.9369785137662427
-0.2616090788869909
-0.5184782687859455
-0.49110107441871276
0.5802574513959171
-0.723736274482391
-0.8186966314929478
-0.6136915923907669
-0.7402480897239061
-0.303404900426824
0.5023882167513025
-0.7187529324020407
0.9222656329797037
-0.4775903000691044
-0.5973143680927249
0.11267658966527083
-0.6770201342160542
-0.5973810600598113
0.6426146045956058
0.6584522919436946
0.8044172058548691
0.7232318291963682
0.07457308072141733
0.7546695993684904
-0.27281151087922284
-0.5771442818886199
-0.2592333053522078
-0.5234712235398049
-0.14499326421092373
-0.9231977554692876
-0.23275651610934345
-0.46463904929679556
-0.6306380941279721
-0.6992316147348654
0.8071073756910319
-0.8750189036661433
-0.26130561134757824
0.14831299640394535
0.7812009372755937
-0.1766815480613404
-0.7034156485593803
0.2152184810712212
-0.8566995332832912
0.014999533411353516
-0.31195170744513145
0.9661472221843164
0.5572430893446161
0.9456969800073274
0.9699926339965785
-0.3972497358826599
-0.680102176031959
-0.5020142682304445
-0.4879544221474226
-0.2842948423053371
-0.4206279838027662
0.08862933923130245
-0.6033778447050027
-0.2942792303285917
0.9020361733218951
-0.08828085097620386
-0.4380510117612022
-0.12257350283360946
0.7654747354156775
-0.32739212389370054
0.590350893415089
0.398383090409298
0.6316318753420906
0.5189384642603545
0.38687616986537954
0.43725376933836513
-0.15041039235629516
-0.4819642468801395
0.1398494804451882
-0.5234693161831532
-0.16668009748206702
0.38570253813707267
0.8440252514326319
0.6467581716803168
-0.5455227081475233
0.0869043870561359
0.027971781718788336
-0.9881687431318178
0.6269193177923922
-0.7416384197879855
0.5693280335085846
-0.5820852061925141
-0.9836295598026805
1.601639741250119
-0.3491905735070491
-0.6754481205404159
1.7744920099686219
-0.5774359853610613
-0.668457379582936
-0.09521194196895899
-0.2145625270996816
-0.5295426776237029
0.8361021215551172
0.9386040537989484
-0.24414657479104407
0.7816606928360339
0.01576594221418115
0.2867650706698215
-0.8774761545187286
0.9495784756015926
-0.6415625835039274
-0.3673515264680418
-0.8083800662777934
0.8588351401861338
-0.08317957767041184
0.34615445267890177
-0.8400328909710095
-0.44807658797452277
0.543553067884825
0.21210395705709395
-0.2692535272390377
2.3494493749713543
0.10174622962797608
0.046471490029842855
-0.8349451050371184
0.6508972188305502
-0.4935345803883
-0.3833821414298557
-0.06495943092391587
0.17523603204761518
0.4185304792135345
0.9793732280016825
0.38718507294765603
0.6402164226906708
0.1527167156639977
-0.3868423630286262
-0.02252105072813726
0.5877719888175501
-0.5727691413352056
0.029843966438848346
0.3410754039725421
0.11579045954748324
0.7296968330966245
-0.43403031832335226
0.16148881374289603
-0.17784678986646085
-0.3291979421814335
0.47699004484018714
-0.48952852197186414
-0.9222166773456801
-0.37480753768872166
-0.5600319006162338
-0.3949521258747961
-0.3070023725640054
0.0794776369471486
-0.44427083761181696
-0.12184699563157886
-0.9081828824347022
-0.1783651597577105
-0.07314761997067865
0.7456803709870037
2.6561394867059462
-0.24226989391635456
-0.448915671259414
0.48692758487132726
0.8817049883226407
0.14530294049876824
-0.45133019234243643
-0.148927435518164
0.5808381640163409
0.6611555174454244
-0.5711412478929183
0.7454508811245799
-0.684410607568098
-0.08630029898486202
-0.07367107892341096
-0.5747172152160003
0.9393866039736569
-0.1998767221515596
0.6059215467206651
-0.20474222727206493
0.5736481216860394
0.5478910990440935
0.5708804412903641
0.43633319198129894
-0.6736685811912431
0.9096998110519248
0.49519085040131805
-0.49591317694735615
-0.7826285553201415
0.34436202097823077
0.6713987690026093
-0.4622899498288293
0.14748771537109873
-0.989923809542882
-0.05950935785207023
-0.6955339804513598
-0.14946718694992533
0.502375526211271
0.14163716005752125
0.4505476148965759
0.9616837994036496
-0.9300911302254811
0.3670771975860676
0.7635742386911808
0.24796154386476443
0.549158124599503
0.1457056169749431
-0.1007598821260427
0.35292120099099034
-0.031797774935770295
0.712674375252841
0.8154848915946404
-0.39804121586432206
-0.4565109509979144
0.987554738881977
0.9029881035754872
0.5868770424969365
-0.8361952908965389
0.4532542888255384
-0.13536380048458097
0.619554007692833
-0.22451238928589046
-0.7748996528837022
0.0670574568151765
-0.7630005513566707
0.7576744064587151
